-16466	-1332	-1608	-802	310	27	-144	352	-16	0	0	0	66538175
-16468	-1388	-1618	-834	302	7	-147	353	-17	1	5	1	66538175
-16480	-1360	-1714	-866	343	-4	-147	353	-17	2	10	2	66538175
-16546	-1423	-1612	-894	380	-22	-139	357	-15	3	15	3	66538175
-16610	-1438	-1643	-933	439	-27	-140	356	-15	4	20	4	66538181
-16652	-1486	-1598	-972	493	-20	-143	349	-15	5	25	5	66538212
-16638	-1472	-1662	-1018	583	2	-143	349	-15	6	30	6	66538212
-16646	-1420	-1710	-1032	675	22	-141	351	-11	7	35	7	66538212
-16516	-1448	-1618	-1048	738	69	-141	351	-11	8	40	8	66538213
-16450	-1396	-1688	-1047	785	94	-140	350	-20	9	45	9	66538213
-16520	-1344	-1716	-1033	774	116	-140	350	-20	10	50	10	66538213
-16459	-1317	-1680	-1045	741	129	-139	349	-21	11	55	11	66538215
-16426	-1252	-1744	-1048	697	132	-140	349	-19	12	60	12	66538227
-16442	-1156	-1810	-1041	626	120	-144	350	-12	13	65	13	66538249
-16452	-1085	-1827	-1023	551	104	-143	350	-13	14	70	14	66538249
-16470	-1038	-1762	-999	493	43	-140	352	-16	15	75	15	66538250
-16550	-1000	-1820	-969	465	10	-141	353	-16	16	80	16	66538250
-16565	-1014	-1759	-953	440	-23	-144	356	-16	17	85	17	66538250
-16650	-1062	-1713	-1000	439	-59	-144	355	-16	18	90	18	66538251
-16632	-1083	-1754	-1095	454	-79	-146	352	-18	19	95	19	66538257
-16578	-1165	-1707	-1204	477	-87	-145	351	-17	20	100	20	66538279
-16601	-1215	-1669	-1294	496	-96	-143	349	-15	21	105	21	66538286
-16680	-1232	-1568	-1380	529	-100	-143	349	-15	22	110	22	66538286
-16691	-1293	-1525	-1447	543	-98	-143	351	-13	23	115	23	66538286
-16646	-1313	-1625	-1491	540	-101	-143	352	-13	24	120	24	66538286
-16571	-1285	-1657	-1523	524	-85	-144	354	-12	25	125	25	66538286
-16554	-1320	-1688	-1548	513	-74	-144	353	-12	26	130	26	66538286
-16554	-1323	-1738	-1543	506	-49	-143	347	-11	27	135	27	66538301
-16467	-1359	-1738	-1517	497	-13	-142	349	-11	28	140	28	66538347
-16422	-1358	-1701	-1469	498	5	-141	351	-11	29	145	29	66538348
-16417	-1332	-1762	-1412	516	16	-142	352	-12	30	150	30	66538349
-16376	-1312	-1817	-1362	529	33	-143	353	-13	31	155	31	66538349
-16369	-1318	-1811	-1344	536	55	-143	353	-13	32	160	32	66538350
-16395	-1312	-1852	-1380	544	57	-142	352	-12	33	165	33	66538351
-16422	-1265	-1896	-1449	561	55	-143	352	-14	34	170	34	66538354
-16428	-1205	-1947	-1541	585	36	-144	352	-18	35	175	35	66538370
-16438	-1254	-2018	-1655	603	15	-143	352	-17	36	180	36	66538387
-16463	-1236	-2106	-1754	627	3	-141	351	-15	37	185	37	66538387
-16456	-1178	-2142	-1833	657	-17	-142	351	-16	38	190	38	66538387
-16359	-1140	-2173	-1892	675	-47	-144	350	-18	39	195	39	66538387
-16255	-1106	-2177	-1913	652	-80	-143	350	-18	40	200	40	66538387
-16290	-1128	-2169	-1905	587	-110	-142	350	-18	41	205	41	66538387
-16391	-1152	-2116	-1889	479	-127	-141	352	-16	42	210	42	66538387
-16431	-1114	-2074	-1863	348	-113	-140	354	-14	43	215	43	66538387
-16516	-1103	-1999	-1845	229	-69	-140	352	-13	44	220	44	66538387
-16523	-1004	-1958	-1834	196	-45	-140	350	-12	45	225	45	66538387
-16484	-923	-1922	-1826	260	-51	-141	352	-12	46	230	46	66538387
-16524	-984	-1958	-1781	352	-61	-142	354	-12	47	235	47	66538403
-16502	-1034	-1970	-1752	430	-50	-143	355	-13	48	240	48	66538419
-16499	-1047	-1978	-1768	492	-60	-144	356	-14	49	245	49	66538424
-16512	-1002	-1955	-1792	503	-93	-147	353	-16	50	250	50	66538424
-16493	-978	-2004	-1801	464	-114	-149	351	-17	51	255	51	66538424
-16454	-971	-2020	-1789	418	-125	-145	350	-15	52	260	52	66538424
-16503	-955	-1931	-1778	415	-152	-143	349	-13	53	265	53	66538424
-16535	-1025	-1923	-1754	441	-158	-142	351	-14	54	270	54	66538424
-16549	-1150	-1907	-1729	467	-132	-142	352	-14	55	275	55	66538443
-16533	-1144	-1852	-1737	515	-121	-144	354	-12	56	280	56	66538463
-16526	-1141	-1776	-1750	591	-109	-145	355	-11	57	285	57	66538470
-16624	-1178	-1706	-1734	663	-57	-144	348	-18	58	290	58	66538471
-16604	-1176	-1726	-1718	720	-16	-144	344	-22	59	295	59	66538471
-16524	-1133	-1696	-1734	777	-4	-143	347	-20	60	300	60	66538471
-16503	-1077	-1694	-1753	827	0	-143	349	-19	61	305	61	66538471
-16459	-1058	-1632	-1726	827	-9	-143	352	-17	62	310	62	66538473
-16462	-1074	-1640	-1698	775	-8	-143	353	-17	63	315	63	66538496
-16476	-1044	-1718	-1691	702	7	-144	355	-18	64	320	64	66538502
-16536	-1054	-1805	-1683	625	10	-144	356	-18	65	325	65	66538503
-16532	-1092	-1851	-1662	567	19	-141	354	-18	66	330	66	66538503
-16586	-1092	-1911	-1647	526	35	-140	354	-18	67	335	67	66538503
-16574	-1080	-2038	-1643	514	33	-142	354	-18	68	340	68	66538503
-16586	-1056	-2002	-1634	539	37	-142	354	-18	69	345	69	66538503
-16587	-1095	-1922	-1607	595	51	-142	351	-18	70	350	70	66538509
-16568	-1077	-1943	-1577	649	47	-142	350	-18	71	355	71	66538535
-16638	-1131	-2019	-1546	692	62	-143	349	-16	72	360	72	66538541
-16629	-1069	-1994	-1576	800	88	-143	349	-15	73	365	73	66538541
-16563	-1061	-1936	-1531	892	101	-145	348	-17	74	370	74	66538541
-16537	-1107	-1930	-1451	913	106	-146	348	-18	75	375	75	66538541
-16537	-1102	-1946	-1385	914	101	-144	346	-18	76	380	76	66538541
-16471	-1082	-1963	-1356	909	105	-144	346	-18	77	385	77	66538541
-16408	-1058	-1920	-1331	871	117	-150	350	-18	78	390	78	66538552
-16484	-1062	-2008	-1319	787	131	-150	350	-18	79	395	79	66538579
-16482	-1138	-2008	-1346	688	117	-148	354	-14	80	400	80	66538579
-16632	-1104	-2074	-1363	614	132	-148	354	-14	81	405	81	66538579
-16566	-1124	-1986	-1382	560	155	-147	353	-17	82	410	82	66538580
-16598	-1068	-2026	-1400	552	155	-147	353	-17	83	415	83	66538580
-16550	-1162	-1988	-1398	542	169	-139	353	-17	84	420	84	66538580
-16527	-1154	-2093	-1386	570	187	-139	353	-17	85	425	85	66538580
-16456	-1090	-2076	-1348	590	205	-141	353	-19	86	430	86	66538608
-16434	-1118	-1976	-1309	557	214	-141	353	-19	87	435	87	66538616
-16268	-1134	-2060	-1301	510	221	-146	348	-20	88	440	88	66538616
-16248	-1060	-1976	-1330	454	220	-146	348	-20	89	445	89	66538616
-16260	-1034	-1990	-1363	378	230	-145	361	-17	90	450	90	66538616
-16308	-1010	-2034	-1374	305	216	-145	361	-17	91	455	91	66538616
-16222	-898	-2050	-1383	214	221	-148	356	-18	92	460	92	66538616
-16208	-804	-2018	-1375	139	229	-148	356	-18	93	465	93	66538617
-16224	-858	-2088	-1323	47	252	-139	353	-13	94	470	94	66538654
-16300	-878	-2153	-1228	-51	279	-140	353	-15	95	475	95	66538654
-16303	-884	-2139	-1149	-125	305	-143	355	-25	96	480	96	66538654
-16368	-833	-2135	-1065	-179	337	-143	355	-23	97	485	97	66538655
-16411	-804	-2151	-996	-222	365	-142	354	-16	98	490	98	66538655
-16390	-683	-2104	-937	-228	397	-142	354	-16	99	495	99	66538655
-16396	-586	-2099	-874	-229	426	-144	354	-14	100	500	100	66538657
-16420	-487	-2110	-825	-233	439	-144	354	-15	101	505	101	66538669
-16382	-402	-2110	-795	-246	446	-143	353	-21	102	510	102	66538695
-16418	-398	-2117	-754	-252	495	-144	353	-20	103	515	103	66538695
-16469	-398	-2061	-720	-261	531	-150	352	-14	104	520	104	66538695
-16481	-301	-1950	-685	-270	594	-149	353	-15	105	525	105	66538695
-16484	-340	-1940	-646	-263	662	-144	356	-18	106	530	106	66538695
-16482	-360	-1840	-606	-248	696	-144	355	-18	107	535	107	66538695
-16504	-414	-1845	-579	-207	709	-146	352	-16	108	540	108	66538703
-16518	-436	-1944	-572	-156	689	-146	353	-15	109	545	109	66538739
-16478	-588	-1874	-572	-68	631	-146	356	-12	110	550	110	66538750
-16472	-727	-1901	-563	4	548	-146	356	-14	111	555	111	66538750
-16478	-830	-1992	-557	70	454	-144	354	-18	112	560	112	66538750
-16450	-952	-1980	-558	116	377	-144	353	-18	113	565	113	66538751
-16435	-1016	-2006	-590	137	322	-145	351	-17	114	570	114	66538751
-16443	-1114	-2092	-666	143	276	-145	353	-16	115	575	115	66538753
-16452	-1261	-2114	-773	143	239	-145	355	-15	116	580	116	66538768
-16483	-1384	-2155	-908	147	221	-146	352	-16	117	585	117	66538785
-16485	-1483	-2188	-1043	159	217	-147	347	-19	118	590	118	66538785
-16499	-1541	-2285	-1212	163	224	-147	348	-17	119	595	119	66538785
-16537	-1590	-2249	-1397	179	243	-148	350	-10	120	600	120	66538785
-16605	-1628	-2269	-1560	210	264	-145	350	-10	121	605	121	66538785
-16584	-1674	-2292	-1730	267	272	-141	349	-11	122	610	122	66538786
-16534	-1652	-2246	-1884	345	280	-144	348	-12	123	615	123	66538786
-16512	-1590	-2189	-1998	417	274	-149	347	-13	124	620	124	66538786
-16435	-1516	-2222	-2088	464	238	-147	349	-14	125	625	125	66538786
-16328	-1434	-2202	-2163	501	188	-143	351	-15	126	630	126	66538789
-16160	-1292	-2197	-2201	528	120	-146	351	-14	127	635	127	66538808
-16080	-1150	-2176	-2187	521	29	-148	350	-12	128	640	128	66538823
-16008	-1044	-2088	-2142	463	-59	-148	354	-14	129	645	129	66538823
-15934	-900	-2084	-2102	354	-136	-148	356	-16	130	650	130	66538823
-15958	-781	-2117	-2088	207	-204	-144	354	-18	131	655	131	66538824
-15986	-720	-2165	-2080	65	-266	-141	353	-19	132	660	132	66538824
-16012	-658	-2223	-2072	-39	-322	-142	355	-14	133	665	133	66538824
-16040	-606	-2203	-2057	-94	-378	-142	356	-10	134	670	134	66538843
-16054	-571	-2217	-2019	-118	-434	-142	356	-11	135	675	135	66538862
-16102	-580	-2265	-1956	-130	-488	-143	355	-13	136	680	136	66538862
-16165	-559	-2132	-1896	-174	-526	-146	352	-11	137	685	137	66538862
-16240	-543	-2048	-1833	-251	-565	-148	350	-10	138	690	138	66538862
-16320	-553	-2042	-1791	-355	-604	-147	351	-11	139	695	139	66538862
-16479	-544	-1915	-1765	-457	-632	-147	351	-11	140	700	140	66538862
-16642	-549	-1810	-1751	-535	-641	-148	352	-14	141	705	141	66538869
-16758	-574	-1822	-1758	-594	-640	-148	352	-16	142	710	142	66538890
-16881	-563	-1764	-1772	-605	-624	-146	350	-14	143	715	143	66538900
-16955	-562	-1789	-1793	-528	-585	-145	349	-13	144	720	144	66538900
-16988	-545	-1699	-1792	-413	-574	-143	354	-13	145	725	145	66538900
-16925	-566	-1609	-1785	-284	-558	-143	355	-13	146	730	146	66538900
-16849	-698	-1637	-1765	-162	-564	-144	354	-14	147	735	147	66538900
-16765	-663	-1659	-1738	-68	-588	-144	354	-14	148	740	148	66538900
-16636	-654	-1558	-1700	-2	-597	-146	352	-17	149	745	149	66538910
-16557	-705	-1551	-1651	22	-613	-146	352	-18	150	750	150	66538930
-16530	-735	-1556	-1605	20	-642	-147	350	-16	151	755	151	66538940
-16500	-838	-1597	-1586	9	-668	-148	348	-14	152	760	152	66538941
-16472	-951	-1607	-1622	0	-687	-145	351	-16	153	765	153	66538941
-16417	-1012	-1685	-1694	-12	-710	-144	352	-16	154	770	154	66538942
-16377	-982	-1672	-1759	-16	-730	-149	347	-10	155	775	155	66538942
-16447	-1050	-1750	-1794	-26	-724	-150	346	-8	156	780	156	66538942
-16477	-1080	-1746	-1801	-23	-728	-145	346	-11	157	785	157	66538953
-16523	-1104	-1774	-1778	-20	-718	-144	346	-12	158	790	158	66538972
-16542	-1150	-1801	-1735	-18	-693	-144	348	-14	159	795	159	66538976
-16595	-1200	-1788	-1685	-13	-673	-144	348	-14	160	800	160	66538976
-16614	-1234	-1854	-1607	-23	-646	-147	351	-15	161	805	161	66538976
-16622	-1292	-1888	-1562	-14	-656	-147	351	-15	162	810	162	66538976
-16684	-1266	-1926	-1565	-5	-648	-149	353	-17	163	815	163	66538976
-16674	-1232	-1982	-1597	12	-657	-149	353	-17	164	820	164	66538976
-16690	-1290	-1992	-1693	51	-656	-144	350	-10	165	825	165	66539025
-16656	-1300	-1928	-1809	103	-664	-144	350	-10	166	830	166	66539061
-16621	-1297	-1933	-1895	153	-664	-145	356	-16	167	835	167	66539061
-16657	-1339	-2008	-1995	218	-666	-145	357	-17	168	840	168	66539062
-16672	-1218	-1826	-2110	285	-700	-146	352	-18	169	845	169	66539062
-16624	-1262	-1966	-2213	324	-730	-146	352	-18	170	850	170	66539062
-16548	-1184	-1818	-2287	360	-747	-144	352	-12	171	855	171	66539063
-16516	-1210	-1934	-2360	351	-788	-144	352	-12	172	860	172	66539063
-16428	-1148	-1928	-2418	333	-824	-141	357	-17	173	865	173	66539087
-16378	-1092	-2022	-2445	286	-824	-141	357	-17	174	870	174	66539099
-16318	-1070	-1842	-2434	238	-854	-146	354	-14	175	875	175	66539099
-16378	-1076	-1938	-2419	185	-858	-146	354	-14	176	880	176	66539099
-16330	-1046	-1980	-2430	135	-873	-141	351	-13	177	885	177	66539099
-16309	-1067	-1813	-2467	87	-889	-143	351	-14	178	890	178	66539099
-16317	-1126	-1726	-2497	78	-898	-150	350	-16	179	895	179	66539100
-16317	-1208	-1686	-2553	96	-918	-147	350	-16	180	900	180	66539100
-16362	-1289	-1556	-2609	109	-956	-137	349	-15	181	905	181	66539100
-16365	-1350	-1420	-2674	106	-977	-137	350	-15	182	910	182	66539100
-16350	-1461	-1296	-2746	108	-1003	-137	353	-13	183	915	183	66539100
-16412	-1504	-1288	-2814	105	-993	-137	353	-13	184	920	184	66539100
-16374	-1540	-1256	-2925	87	-988	-141	351	-13	185	925	185	66539124
-16412	-1673	-1258	-3053	79	-950	-141	351	-13	186	930	186	66539136
-16321	-1721	-1121	-3151	65	-927	-140	350	-14	187	935	187	66539137
-16278	-1671	-1125	-3234	49	-896	-141	351	-14	188	940	188	66539139
-16146	-1694	-1184	-3306	35	-858	-143	353	-13	189	945	189	66539139
-15993	-1769	-1124	-3381	5	-835	-142	352	-13	190	950	190	66539140
-15895	-1795	-1008	-3448	-18	-796	-137	347	-15	191	955	191	66539140
-15763	-1875	-937	-3504	-58	-775	-138	348	-15	192	960	192	66539140
-15708	-1978	-874	-3596	-109	-778	-141	351	-17	193	965	193	66539140
-15638	-2069	-891	-3725	-149	-785	-141	351	-16	194	970	194	66539140
-15612	-2190	-895	-3935	-170	-804	-139	351	-13	195	975	195	66539140
-15565	-2282	-890	-4143	-176	-832	-141	352	-17	196	980	196	66539156
-15563	-2274	-943	-4346	-181	-848	-145	353	-23	197	985	197	66539179
-15496	-2260	-1052	-4508	-190	-854	-142	352	-21	198	990	198	66539180
-15397	-2245	-1117	-4588	-212	-842	-138	350	-18	199	995	199	66539180
-15379	-2192	-1220	-4611	-244	-801	-140	349	-18	200	1000	200	66539180
-15320	-2163	-1319	-4562	-299	-737	-149	343	-19	201	1005	201	66539180
-15308	-2166	-1506	-4428	-319	-658	-148	344	-18	202	1010	202	66539180
-15277	-2172	-1612	-4217	-303	-550	-145	347	-15	203	1015	203	66539180
-15307	-2173	-1742	-4047	-289	-445	-143	350	-15	204	1020	204	66539196
-15338	-2168	-1759	-3926	-261	-353	-140	354	-14	205	1025	205	66539219
-15492	-2158	-1792	-3828	-213	-278	-139	352	-13	206	1030	206	66539220
-15703	-2083	-1798	-3744	-148	-237	-138	350	-12	207	1035	207	66539220
-15963	-2074	-1803	-3683	-90	-239	-138	351	-13	208	1040	208	66539220
-16285	-2011	-1854	-3652	-68	-261	-138	352	-14	209	1045	209	66539221
-16660	-1889	-1911	-3658	-67	-289	-141	352	-14	210	1050	210	66539221
-17057	-1751	-1889	-3703	-99	-314	-145	351	-13	211	1055	211	66539222
-17480	-1617	-2007	-3722	-214	-337	-141	352	-14	212	1060	212	66539223
-17881	-1536	-2112	-3710	-385	-352	-138	352	-14	213	1065	213	66539227
-18302	-1471	-2226	-3694	-562	-347	-140	350	-16	214	1070	214	66539245
-18648	-1414	-2474	-3672	-689	-320	-141	349	-17	215	1075	215	66539256
-18920	-1329	-2747	-3638	-707	-285	-142	350	-16	216	1080	216	66539256
-19124	-1240	-2980	-3589	-611	-237	-142	350	-14	217	1085	217	66539256
-19169	-1136	-3135	-3531	-383	-187	-144	350	-15	218	1090	218	66539256
-19074	-960	-3186	-3481	-24	-160	-146	350	-16	219	1095	219	66539256
-18855	-766	-3202	-3430	363	-167	-141	346	-17	220	1100	220	66539256
-18439	-574	-3211	-3387	685	-188	-138	344	-18	221	1105	221	66539267
-17944	-406	-3204	-3346	946	-238	-141	348	-17	222	1110	222	66539285
-17534	-282	-3135	-3284	1147	-334	-143	351	-17	223	1115	223	66539293
-17036	-154	-3090	-3188	1261	-418	-143	352	-16	224	1120	224	66539294
-16500	-77	-3045	-3046	1257	-499	-143	353	-15	225	1125	225	66539294
-16069	-124	-3031	-2885	1150	-599	-142	351	-16	226	1130	226	66539294
-15784	-225	-3099	-2737	938	-718	-142	350	-16	227	1135	227	66539294
-15605	-388	-3053	-2601	602	-862	-141	352	-17	228	1140	228	66539294
-15585	-606	-3168	-2535	223	-983	-141	353	-17	229	1145	229	66539324
-15658	-836	-3188	-2497	-177	-1066	-143	351	-13	230	1150	230	66539331
-15860	-1040	-3037	-2509	-604	-1150	-144	350	-12	231	1155	231	66539331
-16009	-1161	-2872	-2519	-961	-1222	-146	349	-15	232	1160	232	66539331
-16247	-1285	-2755	-2519	-1305	-1281	-147	349	-17	233	1165	233	66539331
-16442	-1411	-2593	-2521	-1595	-1331	-146	347	-14	234	1170	234	66539331
-16628	-1529	-2432	-2540	-1789	-1390	-146	346	-12	235	1175	235	66539331
-16788	-1638	-2286	-2591	-1871	-1448	-143	348	-17	236	1180	236	66539339
-16791	-1692	-2092	-2621	-1820	-1504	-142	348	-18	237	1185	237	66539363
-16792	-1690	-1889	-2614	-1700	-1552	-140	347	-17	238	1190	238	66539368
-16685	-1707	-1680	-2563	-1556	-1574	-139	347	-17	239	1195	239	66539368
-16517	-1746	-1546	-2490	-1423	-1577	-140	348	-16	240	1200	240	66539368
-16341	-1789	-1431	-2414	-1294	-1576	-142	350	-14	241	1205	241	66539369
-16236	-1836	-1322	-2353	-1182	-1557	-140	351	-12	242	1210	242	66539369
-15972	-1907	-1194	-2284	-1066	-1534	-139	351	-11	243	1215	243	66539369
-15836	-2018	-1138	-2181	-948	-1501	-133	349	-7	244	1220	244	66539411
-15740	-2160	-1142	-2131	-886	-1448	-133	349	-7	245	1225	245	66539411
-15618	-2266	-1146	-2107	-850	-1406	-143	347	-13	246	1230	246	66539411
-15598	-2314	-1324	-2119	-829	-1381	-143	347	-13	247	1235	247	66539411
-15614	-2380	-1328	-2124	-817	-1341	-137	345	-7	248	1240	248	66539411
-15686	-2410	-1488	-2113	-783	-1305	-137	345	-7	249	1245	249	66539411
-15759	-2478	-1546	-2103	-758	-1261	-139	347	-16	250	1250	250	66539411
-15772	-2579	-1606	-2104	-727	-1217	-140	348	-18	251	1255	251	66539419
-15822	-2701	-1868	-2085	-730	-1180	-138	349	-12	252	1260	252	66539443
-15972	-2684	-1838	-2066	-731	-1149	-137	349	-11	253	1265	253	66539449
-16008	-2696	-2048	-2062	-737	-1146	-140	350	-12	254	1270	254	66539449
-16094	-2762	-2162	-2082	-706	-1151	-140	350	-12	255	1275	255	66539450
-16128	-2756	-2306	-2131	-638	-1162	-138	352	-14	256	1280	256	66539450
-16174	-2728	-2418	-2233	-584	-1179	-138	352	-14	257	1285	257	66539450
-16240	-2716	-2330	-2356	-516	-1175	-139	351	-15	258	1290	258	66539450
-16178	-2624	-2414	-2481	-411	-1156	-139	351	-15	259	1295	259	66539459
-16102	-2626	-2568	-2603	-333	-1152	-140	348	-10	260	1300	260	66539486
-16024	-2580	-2542	-2704	-275	-1140	-139	349	-11	261	1305	261	66539486
-15994	-2556	-2485	-2760	-253	-1129	-137	351	-13	262	1310	262	66539487
-15884	-2526	-2474	-2825	-253	-1089	-136	351	-12	263	1315	263	66539489
-15793	-2478	-2542	-2890	-286	-1060	-131	351	-9	264	1320	264	66539497
-15790	-2388	-2534	-2952	-343	-1029	-131	351	-9	265	1325	265	66539498
-15742	-2332	-2572	-3019	-463	-981	-141	349	-13	266	1330	266	66539499
-15664	-2240	-2452	-3071	-614	-952	-141	349	-13	267	1335	267	66539500
-15658	-2114	-2472	-3114	-790	-946	-138	350	-12	268	1340	268	66539523
-15656	-1996	-2378	-3133	-1037	-910	-138	350	-12	269	1345	269	66539523
-15831	-1850	-2473	-3116	-1332	-881	-142	350	-10	270	1350	270	66539523
-15906	-1715	-2430	-3072	-1519	-855	-141	349	-9	271	1355	271	66539523
-16100	-1634	-2512	-3029	-1645	-806	-135	345	-7	272	1360	272	66539523
-16284	-1573	-2550	-2972	-1666	-766	-135	346	-9	273	1365	273	66539523
-16404	-1528	-2497	-2926	-1580	-723	-137	349	-17	274	1370	274	66539531
-16487	-1453	-2471	-2889	-1386	-667	-137	349	-15	275	1375	275	66539561
-16533	-1411	-2541	-2856	-1107	-591	-139	347	-7	276	1380	276	66539561
-16496	-1394	-2417	-2816	-779	-482	-139	348	-8	277	1385	277	66539561
-16461	-1348	-2402	-2750	-459	-347	-138	352	-12	278	1390	278	66539561
-16472	-1381	-2406	-2686	-253	-227	-139	351	-9	279	1395	279	66539561
-16502	-1396	-2386	-2615	-129	-109	-140	350	-4	280	1400	280	66539561
-16486	-1423	-2412	-2536	-69	4	-139	353	-6	281	1405	281	66539564
-16460	-1419	-2475	-2436	-67	106	-136	358	-10	282	1410	282	66539577
-16402	-1339	-2568	-2282	-116	194	-135	356	-11	283	1415	283	66539599
-16376	-1420	-2591	-2081	-209	258	-133	349	-13	284	1420	284	66539599
-16339	-1422	-2684	-1880	-336	280	-134	349	-13	285	1425	285	66539599
-16338	-1371	-2713	-1700	-437	273	-140	348	-12	286	1430	286	66539599
-16309	-1338	-2821	-1548	-521	269	-139	349	-12	287	1435	287	66539600
-16240	-1272	-2860	-1434	-537	251	-137	351	-11	288	1440	288	66539600
-16119	-1259	-2863	-1325	-476	252	-139	349	-10	289	1445	289	66539606
-16013	-1252	-2828	-1215	-364	262	-141	345	-9	290	1450	290	66539624
-15946	-1246	-2801	-1122	-227	280	-140	347	-9	291	1455	291	66539638
-15900	-1265	-2771	-1079	-103	309	-139	349	-9	292	1460	292	66539638
-15859	-1334	-2735	-1075	-4	344	-139	346	-10	293	1465	293	66539638
-15790	-1393	-2793	-1099	84	388	-138	342	-12	294	1470	294	66539639
-15784	-1468	-2800	-1129	158	456	-138	341	-8	295	1475	295	66539639
-15899	-1491	-2719	-1162	242	524	-138	340	-6	296	1480	296	66539639
-16000	-1530	-2678	-1184	311	596	-138	343	-9	297	1485	297	66539658
-16045	-1612	-2686	-1183	363	684	-138	346	-12	298	1490	298	66539677
-16061	-1687	-2647	-1147	397	788	-139	347	-13	299	1495	299	66539677
-16086	-1754	-2618	-1085	376	881	-140	348	-14	300	1500	300	66539677
-16145	-1784	-2717	-1011	296	980	-138	348	-14	301	1505	301	66539678
-16223	-1771	-2790	-922	192	1076	-136	348	-14	302	1510	302	66539679
-16302	-1769	-2855	-845	158	1134	-138	349	-12	303	1515	303	66539680
-16377	-1717	-2890	-790	187	1164	-140	350	-10	304	1520	304	66539680
-16369	-1694	-2941	-723	251	1167	-141	349	-11	305	1525	305	66539700
-16243	-1695	-2960	-651	315	1160	-142	348	-12	306	1530	306	66539714
-16136	-1717	-3042	-566	341	1159	-145	347	-15	307	1535	307	66539714
-16065	-1746	-3087	-452	280	1141	-146	348	-16	308	1540	308	66539714
-15994	-1770	-3059	-328	175	1110	-144	349	-14	309	1545	309	66539715
-15934	-1786	-3028	-225	41	1100	-143	349	-13	310	1550	310	66539715
-15921	-1802	-3089	-134	-126	1068	-146	348	-19	311	1555	311	66539715
-15866	-1729	-3138	-103	-245	1017	-147	347	-21	312	1560	312	66539723
-15857	-1756	-3107	-123	-285	1001	-144	349	-13	313	1565	313	66539746
-15886	-1820	-3181	-180	-239	984	-143	349	-11	314	1570	314	66539751
-15901	-1882	-3238	-257	-144	959	-144	348	-9	315	1575	315	66539751
-15924	-1920	-3192	-346	8	952	-145	347	-7	316	1580	316	66539751
-15951	-2054	-3186	-444	173	950	-146	343	-9	317	1585	317	66539751
-16008	-2153	-3114	-535	305	936	-147	341	-11	318	1590	318	66539751
-16121	-2271	-3178	-613	400	916	-144	346	-13	319	1595	319	66539751
-16242	-2348	-3175	-655	451	892	-143	347	-13	320	1600	320	66539784
-16423	-2380	-3169	-678	474	840	-149	345	-13	321	1605	321	66539792
-16504	-2333	-3236	-672	528	774	-151	345	-13	322	1610	322	66539799
-16568	-2304	-3226	-626	639	740	-149	346	-11	323	1615	323	66539801
-16571	-2278	-3250	-534	722	674	-148	346	-10	324	1620	324	66539801
-16517	-2194	-3309	-419	814	650	-154	348	-9	325	1625	325	66539802
-16491	-2184	-3450	-278	859	622	-155	349	-9	326	1630	326	66539802
-16459	-2168	-3500	-139	842	601	-155	346	-12	327	1635	327	66539802
-16432	-2006	-3658	-9	776	549	-155	345	-13	328	1640	328	66539820
-16418	-2010	-3684	59	707	519	-157	349	-17	329	1645	329	66539829
-16386	-1950	-3742	77	686	522	-157	349	-17	330	1650	330	66539830
-16354	-1928	-3700	96	634	497	-159	344	-17	331	1655	331	66539830
-16308	-1812	-3801	127	599	484	-159	343	-17	332	1660	332	66539830
-16236	-1749	-3774	165	557	463	-157	342	-16	333	1665	333	66539830
-16258	-1658	-3790	191	513	473	-156	342	-16	334	1670	334	66539830
-16297	-1609	-3692	208	474	480	-153	348	-14	335	1675	335	66539830
-16494	-1572	-3474	210	406	482	-152	350	-14	336	1680	336	66539867
-16762	-1486	-3382	231	327	501	-158	340	-12	337	1685	337	66539867
-17044	-1440	-3244	299	234	538	-158	340	-12	338	1690	338	66539868
-17538	-1332	-3076	388	147	555	-163	345	-13	339	1695	339	66539868
-18138	-1452	-2714	478	108	562	-163	345	-13	340	1700	340	66539868
-18756	-1680	-2352	635	161	558	-160	342	-14	341	1705	341	66539869
-19436	-1872	-1892	824	196	477	-160	342	-14	342	1710	342	66539869
-19930	-2250	-1476	1063	226	345	-157	339	-17	343	1715	343	66539869
-20484	-2598	-1090	1174	300	201	-157	339	-17	344	1720	344	66539894
-21001	-3188	-659	1161	406	-34	-159	345	-17	345	1725	345	66539909
-21197	-3658	-377	1017	533	-243	-160	344	-18	346	1730	346	66539909
-21352	-3888	-182	726	670	-440	-165	341	-21	347	1735	347	66539909
-21358	-4112	-62	86	897	-732	-165	341	-21	348	1740	348	66539910
-21202	-4104	-116	-710	1175	-1049	-158	346	-10	349	1745	349	66539910
-20928	-4046	-246	-1460	1430	-1287	-158	346	-10	350	1750	350	66539910
-20626	-3890	-560	-2045	1643	-1480	-161	339	-15	351	1755	351	66539919
-20250	-3720	-854	-2461	1801	-1586	-161	339	-15	352	1760	352	66539947
-19691	-3596	-1050	-2775	1930	-1608	-160	346	-16	353	1765	353	66539947
-19206	-3597	-1315	-2927	1976	-1518	-160	344	-16	354	1770	354	66539947
-18858	-3600	-1362	-3045	1968	-1365	-158	336	-18	355	1775	355	66539948
-18429	-3534	-1426	-3197	1931	-1162	-160	337	-18	356	1780	356	66539948
-17982	-3398	-1403	-3392	1949	-963	-166	342	-16	357	1785	357	66539952
-17471	-3193	-1422	-3606	2079	-796	-165	342	-17	358	1790	358	66539976
-17064	-2879	-1342	-3766	2244	-653	-163	341	-23	359	1795	359	66540011
-16610	-2722	-1336	-3804	2356	-468	-163	340	-22	360	1800	360	66540011
-16141	-2466	-1469	-3772	2436	-280	-162	338	-18	361	1805	361	66540011
-15764	-2091	-1496	-3685	2548	-129	-164	336	-19	362	1810	362	66540011
-15493	-1879	-1571	-3548	2621	-20	-168	334	-20	363	1815	363	66540011
-15219	-1770	-1709	-3375	2649	87	-168	335	-20	364	1820	364	66540011
-15001	-1639	-1775	-3191	2677	176	-166	340	-20	365	1825	365	66540012
-14737	-1564	-1816	-3026	2706	211	-165	339	-21	366	1830	366	66540017
-14478	-1451	-1717	-2864	2711	226	-161	337	-23	367	1835	367	66540041
-14260	-1376	-1598	-2706	2654	224	-161	337	-22	368	1840	368	66540048
-14121	-1345	-1482	-2533	2536	199	-163	337	-17	369	1845	369	66540048
-14054	-1316	-1198	-2333	2369	190	-164	340	-17	370	1850	370	66540048
-14098	-1328	-1028	-2141	2196	236	-166	344	-16	371	1855	371	66540048
-14172	-1339	-864	-1954	2028	308	-165	342	-18	372	1860	372	66540048
-14301	-1299	-727	-1758	1883	397	-163	339	-21	373	1865	373	66540048
-14457	-1317	-588	-1574	1817	497	-166	339	-22	374	1870	374	66540048
-14667	-1274	-252	-1426	1823	593	-170	338	-24	375	1875	375	66540048
-14870	-1230	166	-1291	1842	673	-169	338	-23	376	1880	376	66540048
-15118	-1157	695	-1118	1806	722	-168	338	-22	377	1885	377	66540048
-15397	-930	1184	-933	1703	722	-170	336	-23	378	1890	378	66540048
-15650	-676	1534	-726	1569	692	-171	335	-23	379	1895	379	66540070
-15786	-454	1869	-526	1432	658	-170	337	-22	380	1900	380	66540085
-15903	-254	2108	-370	1309	622	-168	338	-20	381	1905	381	66540085
-16007	-63	2225	-290	1223	573	-169	337	-20	382	1910	382	66540085
-15930	162	2320	-277	1219	509	-170	336	-20	383	1915	383	66540085
-15837	407	2342	-268	1285	427	-170	334	-21	384	1920	384	66540085
-15780	550	2303	-224	1373	330	-170	332	-22	385	1925	385	66540085
-15754	668	2237	-131	1417	227	-171	335	-22	386	1930	386	66540085
-15771	768	2066	-48	1378	108	-171	337	-21	387	1935	387	66540107
-15837	775	1866	6	1290	-21	-169	336	-20	388	1940	388	66540122
-15953	653	1692	36	1166	-165	-168	336	-20	389	1945	389	66540122
-16166	533	1478	-11	1045	-291	-172	331	-27	390	1950	390	66540122
-16336	394	1233	-122	969	-390	-175	329	-30	391	1955	391	66540122
-16439	227	985	-246	920	-483	-174	333	-27	392	1960	392	66540122
-16570	5	670	-326	917	-551	-174	334	-26	393	1965	393	66540122
-16692	-443	409	-295	957	-586	-171	334	-23	394	1970	394	66540131
-16758	-828	136	-171	955	-622	-170	334	-22	395	1975	395	66540154
-16860	-1210	-93	-25	885	-640	-172	333	-23	396	1980	396	66540160
-16993	-1596	-216	61	761	-666	-173	333	-23	397	1985	397	66540160
-17216	-1923	-359	63	559	-695	-170	334	-22	398	1990	398	66540161
-17537	-2175	-556	-64	275	-700	-168	334	-22	399	1995	399	66540161
-17873	-2452	-683	-289	-33	-648	-174	334	-21	400	2000	400	66540161
-18191	-2739	-805	-592	-260	-548	-178	334	-20	401	2005	401	66540161
-18478	-3105	-964	-938	-353	-375	-173	332	-21	402	2010	402	66540178
-18724	-3482	-1097	-1392	-306	-114	-169	331	-21	403	2015	403	66540198
-18868	-3731	-1086	-1807	-179	146	-170	333	-28	404	2020	404	66540201
-19031	-3872	-1185	-2113	-51	403	-170	334	-30	405	2025	405	66540201
-19143	-4074	-1212	-2364	62	631	-172	338	-26	406	2030	406	66540201
-19168	-4200	-1190	-2637	125	827	-173	339	-25	407	2035	407	66540201
-19117	-4153	-1115	-2931	105	1028	-173	337	-25	408	2040	408	66540201
-19024	-4026	-1037	-3238	1	1231	-173	337	-25	409	2045	409	66540201
-18810	-3846	-969	-3518	-137	1433	-173	335	-22	410	2050	410	66540224
-18490	-3488	-868	-3831	-320	1642	-173	335	-21	411	2055	411	66540238
-18142	-3076	-976	-4045	-480	1760	-179	331	-19	412	2060	412	66540238
-17765	-2701	-938	-4193	-581	1829	-179	331	-19	413	2065	413	66540238
-17413	-2271	-888	-4337	-713	1873	-174	329	-21	414	2070	414	66540238
-16867	-1844	-958	-4438	-812	1891	-173	329	-21	415	2075	415	66540238
-16441	-1370	-903	-4515	-868	1825	-176	332	-24	416	2080	416	66540238
-15950	-1010	-1071	-4562	-920	1753	-177	333	-25	417	2085	417	66540248
-15604	-677	-1132	-4534	-997	1658	-178	331	-21	418	2090	418	66540275
-15018	-450	-1092	-4448	-1120	1524	-178	330	-20	419	2095	419	66540281
-14742	-344	-1174	-4278	-1190	1330	-180	338	-24	420	2100	420	66540281
-14324	-336	-1180	-4066	-1273	1221	-180	338	-24	421	2105	421	66540281
-14152	-422	-1142	-3768	-1325	1046	-180	334	-24	422	2110	422	66540282
-14124	-578	-1080	-3400	-1333	924	-180	334	-24	423	2115	423	66540282
-13980	-776	-880	-2982	-1275	836	-180	330	-20	424	2120	424	66540282
-14016	-1026	-1080	-2591	-1178	757	-180	330	-20	425	2125	425	66540324
-14138	-1374	-1244	-2381	-1028	700	-180	334	-20	426	2130	426	66540357
-14238	-1684	-968	-2399	-844	698	-180	334	-20	427	2135	427	66540357
-14224	-1906	-762	-2711	-715	689	-182	330	-16	428	2140	428	66540357
-14357	-2048	-658	-3057	-699	632	-182	331	-18	429	2145	429	66540358
-14474	-2070	-660	-3384	-737	558	-183	337	-25	430	2150	430	66540358
-14768	-1926	-624	-3860	-845	468	-183	337	-25	431	2155	431	66540358
-14892	-1944	-654	-4286	-972	395	-181	329	-17	432	2160	432	66540358
-15170	-1800	-862	-4666	-1106	320	-181	329	-17	433	2165	433	66540369
-15400	-1596	-1016	-5055	-1210	207	-178	332	-18	434	2170	434	66540395
-15554	-1362	-1090	-5411	-1193	131	-178	332	-18	435	2175	435	66540395
-15852	-1089	-1156	-5719	-1080	127	-181	333	-17	436	2180	436	66540396
-15944	-705	-1297	-5887	-927	159	-182	332	-16	437	2185	437	66540396
-15998	-333	-1422	-6047	-687	156	-184	330	-14	438	2190	438	66540396
-16027	19	-1555	-6151	-419	127	-183	330	-14	439	2195	439	66540396
-16056	361	-1595	-6164	-188	120	-178	330	-14	440	2200	440	66540396
-15936	710	-1659	-6039	20	106	-178	330	-15	441	2205	441	66540396
-15768	974	-1602	-5814	213	57	-177	329	-19	442	2210	442	66540397
-15579	1190	-1681	-5472	328	-40	-178	330	-18	443	2215	443	66540397
-15357	1405	-1701	-5016	379	-153	-181	333	-15	444	2220	444	66540397
-15092	1483	-1672	-4450	351	-317	-183	331	-17	445	2225	445	66540401
-14942	1442	-1649	-3991	278	-494	-187	327	-21	446	2230	446	66540407
-14846	1343	-1587	-3597	167	-676	-185	327	-20	447	2235	447	66540407
-14845	1126	-1423	-3226	28	-907	-178	328	-16	448	2240	448	66540410
-14961	815	-1443	-2961	-126	-1110	-179	329	-17	449	2245	449	66540424
-15207	453	-1548	-2809	-278	-1263	-181	335	-19	450	2250	450	66540438
-15509	20	-1573	-2795	-382	-1401	-181	332	-18	451	2255	451	66540438
-15871	-416	-1614	-2889	-445	-1484	-180	322	-14	452	2260	452	66540438
-16331	-840	-1733	-3009	-444	-1502	-180	324	-17	453	2265	453	66540438
-16653	-1193	-1828	-3072	-372	-1467	-181	327	-21	454	2270	454	66540439
-16917	-1520	-2021	-3097	-256	-1391	-181	330	-19	455	2275	455	66540439
-17141	-1866	-2217	-3114	-102	-1259	-182	334	-16	456	2280	456	66540443
-17204	-2160	-2395	-3125	86	-1104	-181	333	-16	457	2285	457	66540461
-17250	-2314	-2562	-3124	306	-913	-179	331	-15	458	2290	458	66540480
-17228	-2351	-2705	-3102	568	-684	-180	330	-16	459	2295	459	66540482
-17045	-2224	-2764	-3045	852	-457	-181	329	-17	460	2300	460	66540482
-16667	-2042	-2769	-2940	1130	-208	-183	327	-17	461	2305	461	66540482
-16252	-1779	-2678	-2828	1281	19	-185	325	-17	462	2310	462	66540482
-15937	-1508	-2580	-2756	1258	164	-184	328	-16	463	2315	463	66540483
-15694	-1210	-2494	-2704	1101	276	-182	330	-14	464	2320	464	66540483
-15526	-846	-2428	-2693	804	372	-182	330	-16	465	2325	465	66540497
-15472	-522	-2400	-2750	447	439	-183	329	-19	466	2330	466	66540519
-15466	-386	-2332	-2847	102	477	-185	331	-20	467	2335	467	66540519
-15509	-402	-2193	-2972	-204	469	-189	333	-21	468	2340	468	66540519
-15633	-619	-1993	-3142	-532	416	-186	330	-17	469	2345	469	66540520
-15850	-1028	-1861	-3339	-874	340	-183	327	-13	470	2350	470	66540520
-16142	-1379	-1797	-3509	-1156	243	-187	329	-14	471	2355	471	66540520
-16415	-1758	-1864	-3690	-1357	117	-189	331	-15	472	2360	472	66540527
-16620	-2010	-2001	-3904	-1408	1	-187	329	-14	473	2365	473	66540552
-16731	-2153	-2102	-4122	-1262	-76	-186	328	-14	474	2370	474	66540565
-16822	-2226	-2216	-4321	-928	-120	-186	329	-15	475	2375	475	66540565
-16869	-2222	-2392	-4477	-444	-133	-186	330	-16	476	2380	476	66540565
-16832	-2152	-2546	-4564	141	-114	-184	332	-13	477	2385	477	66540565
-16632	-1927	-2617	-4568	837	-87	-183	333	-11	478	2390	478	66540565
-16387	-1614	-2691	-4478	1356	-20	-185	329	-15	479	2395	479	66540565
-16227	-1389	-2679	-4354	1622	67	-186	328	-16	480	2400	480	66540571
-16109	-1165	-2599	-4211	1699	214	-185	326	-12	481	2405	481	66540599
-15923	-981	-2582	-4068	1571	400	-184	324	-10	482	2410	482	66540616
-15728	-792	-2613	-3972	1322	520	-184	323	-12	483	2415	483	66540616
-15661	-650	-2687	-3936	1016	571	-184	322	-14	484	2420	484	66540616
-15659	-508	-2771	-3941	723	604	-183	323	-17	485	2425	485	66540616
-15724	-464	-2905	-3976	462	613	-183	323	-19	486	2430	486	66540616
-15815	-547	-2930	-3996	347	567	-189	326	-13	487	2435	487	66540616
-15888	-812	-3093	-4018	365	488	-191	327	-11	488	2440	488	66540616
-16096	-1064	-3222	-4083	454	357	-189	326	-15	489	2445	489	66540616
-16216	-1286	-3276	-4208	604	195	-188	326	-16	490	2450	490	66540626
-16282	-1541	-3319	-4386	746	19	-187	324	-12	491	2455	491	66540643
-16364	-1800	-3267	-4605	861	-169	-187	323	-11	492	2460	492	66540647
-16547	-2034	-3274	-4840	927	-369	-186	324	-15	493	2465	493	66540647
-16768	-2184	-3404	-5148	956	-550	-186	324	-16	494	2470	494	66540647
-16766	-2260	-3548	-5437	1013	-654	-188	326	-14	495	2475	495	66540647
-16839	-2280	-3720	-5685	1125	-760	-188	326	-14	496	2480	496	66540648
-16851	-2295	-3834	-5938	1287	-847	-187	324	-16	497	2485	497	66540648
-16932	-2269	-4028	-6165	1468	-858	-187	323	-17	498	2490	498	66540680
-17018	-2169	-4298	-6322	1619	-801	-191	325	-18	499	2495	499	66540690
-16908	-2044	-4519	-6384	1765	-755	-192	326	-18	500	2500	500	66540690
-16926	-1890	-4766	-6371	1888	-705	-190	327	-12	501	2505	501	66540690
-16853	-1728	-4975	-6276	1976	-612	-189	327	-11	502	2510	502	66540691
-16780	-1468	-5170	-6091	2064	-590	-191	327	-11	503	2515	503	66540691
-16830	-1052	-5440	-5923	2144	-634	-191	327	-11	504	2520	504	66540691
-16838	-892	-5768	-5878	2106	-696	-194	324	-14	505	2525	505	66540691
-16956	-572	-5958	-5884	2056	-839	-194	324	-14	506	2530	506	66540692
-17164	-246	-6008	-5883	2027	-988	-193	319	-15	507	2535	507	66540697
-17316	-56	-5918	-5916	1995	-1100	-193	319	-15	508	2540	508	66540726
-17522	88	-5686	-5838	1995	-1236	-193	319	-19	509	2545	509	66540726
-17752	-28	-5318	-5687	1894	-1332	-193	319	-19	510	2550	510	66540726
-18427	162	-4546	-5695	1568	-1379	-188	320	-14	511	2555	511	66540726
-19062	279	-3834	-5633	1249	-1366	-188	321	-14	512	2560	512	66540726
-19740	392	-3272	-5474	905	-1279	-189	325	-15	513	2565	513	66540727
-20506	364	-2642	-5232	350	-1074	-189	325	-15	514	2570	514	66540727
-21140	466	-2094	-5027	-303	-764	-190	320	-22	515	2575	515	66540737
-21754	736	-1692	-4940	-962	-358	-190	320	-22	516	2580	516	66540768
-22174	898	-1182	-4636	-1358	97	-186	318	-18	517	2585	517	66540768
-22506	1296	-1000	-3925	-1342	626	-186	318	-18	518	2590	518	66540768
-22720	1296	-988	-2694	-1019	1218	-183	319	-11	519	2595	519	66540768
-22880	1140	-1299	-988	-333	1924	-184	320	-12	520	2600	520	66540768
-22922	997	-1465	286	416	2448	-188	322	-16	521	2605	521	66540768
-22674	811	-1470	1196	1291	2830	-188	322	-16	522	2610	522	66540770
-22156	718	-1274	1703	2151	3039	-188	322	-14	523	2615	523	66540784
-21412	673	-907	1933	2868	3109	-189	321	-14	524	2620	524	66540809
-20518	596	-488	2084	3343	3078	-191	317	-13	525	2625	525	66540810
-19682	447	-180	2283	3492	2976	-191	318	-14	526	2630	526	66540811
-18737	316	-51	2562	3355	2818	-190	320	-18	527	2635	527	66540812
-17819	83	-52	2884	3006	2609	-192	319	-17	528	2640	528	66540813
-17200	-162	-193	3097	2647	2415	-197	317	-15	529	2645	529	66540813
-16451	-503	-289	3156	2229	2171	-196	317	-16	530	2650	530	66540814
-15719	-874	-371	2959	1904	1897	-193	319	-19	531	2655	531	66540820
-15016	-1187	-483	2519	1674	1545	-194	318	-18	532	2660	532	66540841
-14375	-1352	-429	1880	1589	1158	-196	316	-12	533	2665	533	66540849
-13847	-1490	-179	1118	1635	738	-197	316	-13	534	2670	534	66540849
-13507	-1626	185	363	1682	273	-200	314	-18	535	2675	535	66540849
-13114	-1702	505	-391	1657	-241	-200	314	-18	536	2680	536	66540849
-12683	-1936	1046	-1109	1503	-750	-198	314	-16	537	2685	537	66540849
-12330	-2023	1472	-1676	1284	-1128	-198	316	-17	538	2690	538	66540853
-11943	-2005	1882	-2211	1024	-1416	-198	320	-18	539	2695	539	66540869
-11568	-2057	2297	-2814	748	-1587	-197	318	-18	540	2700	540	66540885
-11222	-2068	2751	-3562	427	-1671	-196	316	-18	541	2705	541	66540885
-11016	-1998	3095	-4369	28	-1691	-196	317	-17	542	2710	542	66540885
-10896	-1874	3282	-5184	-477	-1643	-195	319	-15	543	2715	543	66540885
-11017	-1648	3253	-6053	-1175	-1502	-198	319	-14	544	2720	544	66540886
-11427	-1424	3016	-6625	-1822	-1310	-200	318	-12	545	2725	545	66540886
-12026	-1263	2589	-6883	-2285	-1097	-198	317	-12	546	2730	546	66540886
-12923	-1158	2026	-6954	-2595	-849	-194	316	-12	547	2735	547	66540890
-13968	-1045	1589	-6880	-2616	-599	-193	315	-13	548	2740	548	66540906
-15146	-852	1251	-6634	-2349	-377	-192	314	-14	549	2745	549	66540922
-16374	-761	948	-6155	-1864	-184	-194	313	-14	550	2750	550	66540922
-17566	-807	716	-5472	-1229	-25	-197	311	-15	551	2755	551	66540923
-18784	-917	526	-4640	-398	61	-196	312	-12	552	2760	552	66540923
-19769	-1044	429	-3795	508	92	-194	312	-8	553	2765	553	66540923
-20534	-1119	410	-3083	1326	74	-195	313	-9	554	2770	554	66540923
-21097	-1217	382	-2474	2106	42	-195	313	-9	555	2775	555	66540948
-21235	-1415	398	-2129	2716	42	-194	315	-10	556	2780	556	66540964
-21177	-1547	602	-2050	3060	72	-194	316	-10	557	2785	557	66540964
-20933	-1631	770	-2085	3107	141	-198	314	-11	558	2790	558	66540964
-20574	-1705	584	-2145	2902	233	-200	312	-12	559	2795	559	66540964
-20194	-1722	289	-2195	2544	326	-198	311	-13	560	2800	560	66540964
-19757	-1627	-163	-2210	2076	428	-197	311	-13	561	2805	561	66540964
-19365	-1444	-549	-2145	1778	469	-196	312	-14	562	2810	562	66540970
-18928	-1169	-895	-1947	1588	461	-195	313	-15	563	2815	563	66540990
-18452	-904	-1280	-1628	1449	391	-196	312	-13	564	2820	564	66541002
-17960	-839	-1552	-1296	1299	251	-196	312	-12	565	2825	565	66541002
-17500	-729	-1762	-1052	1103	26	-193	315	-14	566	2830	566	66541002
-17102	-618	-1856	-956	871	-287	-191	317	-15	567	2835	567	66541002
-16776	-520	-1820	-999	661	-669	-195	315	-11	568	2840	568	66541003
-16447	-424	-1767	-1220	456	-1131	-197	313	-9	569	2845	569	66541003
-16237	-378	-1524	-1511	303	-1589	-195	311	-12	570	2850	570	66541056
-16028	-252	-1298	-1775	169	-2001	-195	311	-13	571	2855	571	66541078
-15878	-172	-1290	-1986	30	-2349	-195	314	-8	572	2860	572	66541082
-15777	-104	-1247	-2124	-115	-2627	-195	315	-7	573	2865	573	66541082
-15716	-50	-1287	-2166	-286	-2799	-200	313	-12	574	2870	574	66541082
-15706	-35	-1391	-2124	-477	-2904	-201	313	-13	575	2875	575	66541083
-15708	65	-1502	-2031	-674	-2897	-199	315	-11	576	2880	576	66541083
-15748	56	-1615	-1921	-865	-2790	-198	316	-10	577	2885	577	66541083
-15792	24	-1707	-1824	-1027	-2604	-196	312	-12	578	2890	578	66541101
-15750	-33	-1777	-1798	-1177	-2402	-195	311	-13	579	2895	579	66541116
-15719	-92	-1737	-1781	-1297	-2193	-195	308	-11	580	2900	580	66541118
-15639	-96	-1748	-1746	-1379	-1997	-195	307	-11	581	2905	581	66541118
-15542	-204	-1695	-1660	-1413	-1820	-193	313	-10	582	2910	582	66541118
-15444	-274	-1608	-1538	-1380	-1670	-192	314	-10	583	2915	583	66541118
-15210	-372	-1499	-1353	-1368	-1567	-195	309	-10	584	2920	584	66541118
-15047	-514	-1383	-1071	-1335	-1532	-196	308	-10	585	2925	585	66541118
-14794	-716	-1304	-688	-1263	-1521	-194	316	-12	586	2930	586	66541118
-14550	-844	-1146	-359	-1220	-1562	-194	316	-12	587	2935	587	66541118
-14324	-1152	-1034	-78	-1188	-1632	-194	308	-8	588	2940	588	66541118
-14102	-1420	-1130	177	-1199	-1699	-194	308	-8	589	2945	589	66541118
-14014	-1656	-1094	395	-1276	-1787	-192	304	-10	590	2950	590	66541127
-13950	-1860	-1044	606	-1367	-1856	-192	304	-10	591	2955	591	66541155
-14000	-2032	-946	819	-1442	-1894	-194	314	-8	592	2960	592	66541155
-14090	-2336	-1074	1047	-1491	-1894	-194	314	-8	593	2965	593	66541155
-14328	-2514	-1192	1211	-1521	-1818	-189	307	-5	594	2970	594	66541155
-14574	-2650	-1370	1280	-1506	-1690	-189	307	-5	595	2975	595	66541156
-14878	-2686	-1428	1251	-1412	-1492	-191	309	-5	596	2980	596	66541156
-15130	-2924	-1630	1153	-1232	-1275	-191	309	-5	597	2985	597	66541156
-15364	-3048	-1668	1004	-1017	-1023	-190	304	-6	598	2990	598	66541156
-15464	-3124	-1830	769	-817	-745	-190	304	-6	599	2995	599	66541156
-15668	-3192	-1988	503	-637	-459	-198	308	-8	600	3000	600	66541156
-15760	-3156	-2086	211	-510	-160	-198	308	-8	601	3005	601	66541164
-15800	-3108	-2152	-52	-352	98	-192	304	-4	602	3010	602	66541191
-15765	-3027	-2384	-313	-148	332	-193	306	-5	603	3015	603	66541192
-15752	-2969	-2380	-506	33	495	-198	314	-10	604	3020	604	66541193
-15699	-2967	-2461	-666	198	603	-198	312	-9	605	3025	605	66541194
-15626	-2920	-2466	-791	327	642	-198	306	-6	606	3030	606	66541195
-15526	-2809	-2467	-890	446	635	-197	306	-5	607	3035	607	66541195
-15332	-2792	-2485	-964	555	597	-195	307	-1	608	3040	608	66541202
-15216	-2672	-2513	-1026	635	518	-194	307	-2	609	3045	609	66541228
-15166	-2505	-2541	-1054	699	455	-191	307	-5	610	3050	610	66541229
-15060	-2348	-2541	-1072	768	402	-193	307	-5	611	3055	611	66541229
-15038	-2187	-2562	-1107	829	336	-199	305	-3	612	3060	612	66541229
-14935	-2036	-2600	-1204	875	281	-198	306	-3	613	3065	613	66541229
-14907	-1814	-2616	-1357	879	271	-194	312	-4	614	3070	614	66541229
-14916	-1711	-2606	-1538	820	284	-194	311	-4	615	3075	615	66541231
-14981	-1574	-2665	-1725	728	311	-194	308	-2	616	3080	616	66541244
-15065	-1410	-2575	-1886	599	360	-194	308	-3	617	3085	617	66541266
-15182	-1364	-2564	-2023	434	409	-196	306	-8	618	3090	618	66541266
-15344	-1370	-2744	-2171	270	468	-197	308	-7	619	3095	619	66541266
-15590	-1381	-2811	-2334	155	517	-198	312	-2	620	3100	620	66541266
-15770	-1437	-2870	-2434	118	565	-199	311	-3	621	3105	621	66541266
-15920	-1523	-2959	-2489	118	602	-200	310	-4	622	3110	622	66541266
-16008	-1631	-3048	-2537	128	592	-198	311	-4	623	3115	623	66541277
-16074	-1714	-3129	-2572	133	559	-194	312	-4	624	3120	624	66541298
-16191	-1698	-3102	-2579	118	531	-192	312	-3	625	3125	625	66541304
-16260	-1652	-3097	-2556	74	506	-190	312	-2	626	3130	626	66541304
-16327	-1608	-3115	-2512	8	463	-191	311	-3	627	3135	627	66541305
-16377	-1478	-3189	-2447	-53	428	-191	309	-3	628	3140	628	66541305
-16424	-1363	-3311	-2345	-86	401	-193	307	-3	629	3145	629	66541305
-16528	-1259	-3400	-2178	-72	384	-195	303	-3	630	3150	630	66541305
-16610	-1151	-3476	-1959	15	398	-197	304	-3	631	3155	631	66541317
-16644	-1094	-3563	-1717	180	437	-201	305	-3	632	3160	632	66541341
-16649	-1056	-3514	-1481	391	485	-201	309	-2	633	3165	633	66541351
-16592	-1004	-3350	-1254	621	566	-202	314	0	634	3170	634	66541351
-16521	-950	-3285	-1064	833	657	-199	309	-1	635	3175	635	66541352
-16547	-946	-3198	-950	969	693	-195	301	-3	636	3180	636	66541352
-16513	-936	-3103	-886	1021	641	-197	302	-2	637	3185	637	66541352
-16479	-952	-3090	-846	1008	547	-198	302	-2	638	3190	638	66541358
-16464	-904	-3100	-861	955	438	-198	304	-4	639	3195	639	66541380
-16478	-874	-3014	-901	855	338	-198	306	-6	640	3200	640	66541392
-16530	-887	-3036	-926	696	240	-197	305	-3	641	3205	641	66541393
-16638	-900	-3176	-926	494	140	-197	305	-1	642	3210	642	66541393
-16799	-928	-3293	-885	285	47	-199	304	-2	643	3215	643	66541393
-17003	-970	-3534	-780	121	-47	-200	304	-2	644	3220	644	66541394
-17207	-976	-3883	-621	50	-123	-200	304	-3	645	3225	645	66541394
-17398	-942	-4188	-447	113	-154	-200	304	-4	646	3230	646	66541416
-17612	-961	-4484	-263	308	-153	-199	306	-6	647	3235	647	66541430
-17765	-972	-4696	-90	603	-122	-198	308	-8	648	3240	648	66541430
-17873	-914	-4842	68	986	-72	-199	306	-4	649	3245	649	66541430
-17907	-835	-4978	183	1436	-23	-199	305	-1	650	3250	650	66541430
-17838	-763	-5072	273	1904	36	-201	309	-2	651	3255	651	66541430
-17683	-652	-5130	327	2349	100	-203	311	-3	652	3260	652	66541430
-17536	-469	-5228	377	2816	162	-205	306	-1	653	3265	653	66541430
-17358	-290	-5316	460	3178	224	-206	304	0	654	3270	654	66541430
-17264	27	-5366	556	3451	300	-199	308	-2	655	3275	655	66541431
-17176	346	-5310	697	3637	357	-197	309	-3	656	3280	656	66541453
-17235	619	-5206	926	3704	406	-199	306	-5	657	3285	657	66541459
-17462	680	-4899	1255	3654	458	-199	305	-5	658	3290	658	66541459
-17946	564	-4590	1607	3457	478	-201	308	0	659	3295	659	66541459
-18608	304	-4210	1902	3120	448	-201	309	1	660	3300	660	66541459
-19517	-5	-3682	2091	2701	334	-199	305	-1	661	3305	661	66541459
-20430	-447	-3018	2241	2264	162	-198	304	-2	662	3310	662	66541459
-21296	-1057	-2275	2413	1852	-37	-200	304	-5	663	3315	663	66541466
-22066	-1935	-1596	2492	1521	-298	-200	304	-6	664	3320	664	66541492
-22621	-2874	-1045	2337	1356	-671	-199	305	-5	665	3325	665	66541498
-22916	-3667	-505	1803	1351	-1173	-199	305	-5	666	3330	666	66541498
-22958	-4287	-148	954	1445	-1793	-201	306	-6	667	3335	667	66541498
-22711	-4617	-56	31	1538	-2434	-202	306	-6	668	3340	668	66541498
-22248	-4892	-184	-893	1590	-3097	-202	306	-4	669	3345	669	66541498
-21648	-5018	-546	-1442	1592	-3372	-202	306	-4	670	3350	670	66541529
-20946	-5126	-980	-1878	1636	-3453	-200	304	-4	671	3355	671	66541546
-20160	-5058	-1190	-2374	1709	-3276	-200	304	-4	672	3360	672	66541546
-19256	-4834	-1210	-2940	1812	-2913	-202	304	2	673	3365	673	66541546
-18418	-4536	-1244	-3468	1877	-2407	-202	304	2	674	3370	674	66541547
-17520	-4166	-1136	-3882	1940	-1801	-195	303	-7	675	3375	675	66541547
-16664	-3616	-822	-4167	1977	-1166	-195	303	-7	676	3380	676	66541547
-15670	-3144	-202	-4334	2071	-477	-200	306	-2	677	3385	677	66541547
-14762	-2614	320	-4293	2145	153	-200	306	-2	678	3390	678	66541625
-13896	-2048	880	-4081	2145	688	-194	304	-4	679	3395	679	66541626
-13230	-1550	1354	-3742	2044	1134	-194	304	-4	680	3400	680	66541627
-12666	-1078	1754	-3330	1791	1483	-196	302	-6	681	3405	681	66541627
-12264	-714	2054	-2913	1478	1672	-196	302	-6	682	3410	682	66541627
-12034	-306	2394	-2460	1109	1682	-198	304	-2	683	3415	683	66541628
-11832	70	2674	-1935	672	1589	-198	304	-2	684	3420	684	66541628
-11910	488	2942	-1340	207	1393	-202	302	-4	685	3425	685	66541628
-12152	676	3014	-607	-395	1132	-202	303	-5	686	3430	686	66541664
-12602	859	3148	-50	-896	899	-203	307	-7	687	3435	687	66541680
-13200	1047	3065	465	-1374	702	-202	306	-7	688	3440	688	66541681
-13929	1162	2846	914	-1738	494	-198	304	-6	689	3445	689	66541681
-14926	1105	2594	1300	-1919	355	-198	304	-6	690	3450	690	66541681
-15883	1034	2247	1625	-1870	266	-200	302	-8	691	3455	691	66541682
-16780	983	1900	1885	-1520	212	-200	302	-8	692	3460	692	66541682
-17645	808	1548	2157	-899	152	-198	302	-6	693	3465	693	66541683
-18310	617	1218	2408	-101	74	-199	302	-5	694	3470	694	66541683
-18836	370	858	2641	744	-5	-201	301	-3	695	3475	695	66541683
-19225	53	678	2767	1529	-64	-200	303	-2	696	3480	696	66541684
-19422	-326	569	2752	2182	-82	-195	309	1	697	3485	697	66541684
-19476	-691	542	2572	2620	-99	-195	308	0	698	3490	698	66541685
-19346	-985	512	2289	2801	-95	-197	305	-3	699	3495	699	66541691
-19082	-1391	402	1920	2732	-69	-198	305	-3	700	3500	700	66541713
-18710	-1792	472	1448	2448	-35	-200	304	-4	701	3505	701	66541713
-18320	-2186	424	878	1971	29	-200	303	-5	702	3510	702	66541713
-17962	-2541	259	201	1352	121	-199	299	-7	703	3515	703	66541713
-17714	-2731	164	-381	825	225	-199	301	-6	704	3520	704	66541713
-17469	-2846	46	-885	398	349	-199	303	-5	705	3525	705	66541713
-17219	-2978	-97	-1251	113	457	-199	304	-5	706	3530	706	66541713
-17012	-3094	-134	-1525	-50	548	-200	306	-6	707	3535	707	66541713
-16909	-2993	-230	-1764	-171	650	-202	306	-7	708	3540	708	66541713
-16804	-2748	-328	-1957	-300	758	-204	306	-8	709	3545	709	66541713
-16772	-2420	-374	-2096	-411	841	-203	306	-5	710	3550	710	66541713
-16828	-2234	-403	-2163	-514	932	-201	307	-1	711	3555	711	66541718
-16883	-2169	-443	-2187	-590	1022	-199	305	-1	712	3560	712	66541741
-16916	-2085	-530	-2243	-636	1115	-197	303	-1	713	3565	713	66541758
-16900	-1993	-633	-2325	-632	1249	-198	301	0	714	3570	714	66541759
-16813	-1948	-746	-2368	-551	1387	-199	297	1	715	3575	715	66541759
-16600	-1958	-877	-2356	-422	1497	-199	299	-1	716	3580	716	66541759
-16316	-2077	-963	-2324	-297	1584	-199	303	-5	717	3585	717	66541759
-16083	-2194	-1072	-2294	-215	1633	-202	303	-3	718	3590	718	66541759
-15820	-2344	-1176	-2231	-180	1644	-207	303	-1	719	3595	719	66541759
-15527	-2480	-1307	-2160	-223	1622	-205	303	-6	720	3600	720	66541784
-15215	-2579	-1392	-2148	-325	1547	-203	303	-9	721	3605	721	66541800
-14956	-2715	-1489	-2194	-482	1435	-203	302	-5	722	3610	722	66541800
-14740	-2710	-1503	-2302	-692	1306	-203	301	-3	723	3615	723	66541800
-14562	-2622	-1433	-2496	-929	1165	-202	302	-5	724	3620	724	66541800
-14492	-2548	-1263	-2711	-1170	1037	-202	302	-6	725	3625	725	66541800
-14396	-2462	-1165	-2955	-1413	948	-202	300	-5	726	3630	726	66541800
-14401	-2335	-1087	-3275	-1658	870	-202	298	-4	727	3635	727	66541808
-14477	-2104	-1046	-3707	-1881	793	-206	303	-2	728	3640	728	66541832
-14492	-1934	-1073	-4063	-1972	762	-207	305	-1	729	3645	729	66541838
-14487	-1684	-1106	-4404	-1977	722	-206	304	3	730	3650	730	66541838
-14433	-1370	-1101	-4749	-1899	668	-205	303	5	731	3655	731	66541838
-14353	-1123	-1099	-5097	-1788	642	-202	305	6	732	3660	732	66541839
-14264	-866	-1164	-5408	-1681	639	-200	306	6	733	3665	733	66541839
-14293	-656	-1183	-5654	-1610	644	-202	302	5	734	3670	734	66541839
-14356	-419	-1258	-5834	-1602	645	-203	299	5	735	3675	735	66541840
-14466	-95	-1289	-5940	-1644	632	-202	302	-1	736	3680	736	66541840
-14604	174	-1475	-5903	-1720	600	-201	303	-3	737	3685	737	66541848
-14875	390	-1601	-5792	-1800	544	-203	304	3	738	3690	738	66541872
-15042	515	-1735	-5597	-1856	479	-204	304	4	739	3695	739	66541879
-15372	613	-1918	-5370	-1840	368	-200	302	5	740	3700	740	66541879
-15757	741	-2041	-5134	-1763	238	-199	301	5	741	3705	741	66541880
-16152	802	-2168	-4905	-1657	118	-201	303	10	742	3710	742	66541880
-16536	807	-2348	-4666	-1523	-24	-201	303	11	743	3715	743	66541881
-16730	768	-2612	-4403	-1294	-186	-205	303	7	744	3720	744	66541881
-16782	650	-2792	-4252	-1037	-395	-205	303	7	745	3725	745	66541911
-16780	637	-2737	-4158	-822	-586	-208	300	0	746	3730	746	66541919
-16738	573	-2726	-4065	-626	-720	-209	299	-1	747	3735	747	66541920
-16587	580	-2702	-3981	-478	-870	-205	301	5	748	3740	748	66541920
-16440	632	-2666	-3884	-362	-1057	-204	302	6	749	3745	749	66541920
-16209	606	-2588	-3770	-286	-1210	-205	304	5	750	3750	750	66541920
-16012	529	-2588	-3662	-261	-1345	-205	305	5	751	3755	751	66541920
-15882	480	-2501	-3591	-307	-1447	-207	303	6	752	3760	752	66541920
-15828	418	-2496	-3570	-408	-1509	-208	302	6	753	3765	753	66541961
-15804	272	-2562	-3591	-496	-1528	-197	303	5	754	3770	754	66541961
-15898	274	-2636	-3584	-602	-1473	-197	303	5	755	3775	755	66541962
-15968	132	-2666	-3516	-668	-1370	-205	301	3	756	3780	756	66541962
-15976	98	-2654	-3408	-660	-1266	-205	301	3	757	3785	757	66541962
-15908	8	-2578	-3257	-606	-1169	-202	306	8	758	3790	758	66541962
-15924	-90	-2552	-3116	-545	-1069	-202	306	8	759	3795	759	66541962
-15904	-150	-2484	-2966	-507	-988	-203	305	7	760	3800	760	66541962
-15868	-197	-2296	-2759	-584	-864	-202	305	7	761	3805	761	66541970
-15896	-254	-2188	-2575	-698	-787	-198	302	8	762	3810	762	66542008
-15946	-308	-2130	-2353	-866	-703	-198	302	8	763	3815	763	66542009
-15942	-364	-2246	-2070	-1026	-644	-206	302	4	764	3820	764	66542009
-16054	-522	-2344	-1753	-1118	-589	-206	302	4	765	3825	765	66542010
-16086	-830	-2466	-1460	-1177	-560	-202	302	12	766	3830	766	66542010
-16106	-1084	-2562	-1242	-1166	-532	-202	302	12	767	3835	767	66542011
-16054	-1320	-2614	-1116	-1173	-526	-203	301	11	768	3840	768	66542011
-15934	-1652	-2758	-1052	-1231	-503	-203	301	11	769	3845	769	66542011
-15923	-1964	-2840	-1122	-1342	-494	-202	306	14	770	3850	770	66542021
-15950	-2158	-2855	-1300	-1483	-489	-202	304	12	771	3855	771	66542046
-15960	-2300	-2738	-1576	-1646	-458	-202	298	6	772	3860	772	66542046
-16022	-2375	-2625	-1902	-1773	-405	-202	300	7	773	3865	773	66542046
-16123	-2428	-2533	-2212	-1791	-363	-200	306	12	774	3870	774	66542046
-16169	-2469	-2393	-2475	-1698	-330	-200	306	13	775	3875	775	66542046
-16250	-2442	-2181	-2666	-1533	-268	-200	304	16	776	3880	776	66542046
-16215	-2321	-2091	-2810	-1292	-152	-200	305	14	777	3885	777	66542058
-16012	-2229	-2019	-2945	-993	-82	-200	306	6	778	3890	778	66542098
-15893	-2037	-1995	-3055	-797	-29	-200	306	5	779	3895	779	66542106
-15769	-1904	-1985	-3194	-692	80	-201	305	3	780	3900	780	66542106
-15741	-1863	-2024	-3338	-686	215	-201	305	4	781	3905	781	66542106
-15627	-1778	-1988	-3470	-722	336	-203	307	9	782	3910	782	66542106
-15555	-1601	-1808	-3566	-778	448	-204	306	10	783	3915	783	66542106
-15606	-1556	-1904	-3602	-865	508	-207	301	13	784	3920	784	66542110
-15651	-1486	-1876	-3602	-982	545	-206	301	13	785	3925	785	66542133
-15754	-1482	-1906	-3563	-1082	551	-201	299	11	786	3930	786	66542158
-16000	-1528	-2092	-3527	-1111	517	-203	298	13	787	3935	787	66542158
-16299	-1567	-2255	-3524	-1052	481	-205	297	17	788	3940	788	66542158
-16516	-1641	-2373	-3588	-882	438	-204	299	17	789	3945	789	66542158
-16655	-1727	-2511	-3744	-591	360	-203	303	17	790	3950	790	66542158
-16852	-1761	-2672	-3985	-228	299	-201	303	16	791	3955	791	66542158
-17041	-1719	-2796	-4262	142	265	-198	304	14	792	3960	792	66542158
-17156	-1658	-2910	-4538	487	257	-199	304	14	793	3965	793	66542159
-17214	-1570	-3148	-4802	844	280	-201	303	13	794	3970	794	66542159
-17259	-1540	-3351	-4989	1116	310	-203	303	15	795	3975	795	66542159
-17248	-1488	-3492	-5128	1306	319	-204	302	16	796	3980	796	66542159
-17172	-1358	-3604	-5284	1472	308	-203	302	16	797	3985	797	66542161
-17058	-1141	-3661	-5441	1581	274	-202	302	16	798	3990	798	66542177
-16898	-937	-3714	-5567	1635	215	-203	302	17	799	3995	799	66542195
-16724	-708	-3801	-5643	1652	131	-204	302	18	800	4000	800	66542195
-16549	-390	-3887	-5674	1640	33	-204	302	17	801	4005	801	66542195
-16326	14	-4040	-5655	1598	-75	-205	301	15	802	4010	802	66542195
-16175	486	-4092	-5542	1502	-173	-204	302	14	803	4015	803	66542195
-16162	829	-4230	-5334	1381	-235	-204	302	14	804	4020	804	66542195
-16201	1126	-4456	-5033	1267	-275	-203	303	13	805	4025	805	66542195
-16361	1322	-4704	-4653	1202	-286	-202	304	12	806	4030	806	66542195
-16626	1388	-5025	-4226	1215	-268	-203	302	13	807	4035	807	66542195
-16999	1343	-5166	-3811	1294	-239	-203	301	13	808	4040	808	66542196
-17522	1123	-5297	-3483	1438	-201	-204	300	13	809	4045	809	66542211
-18083	755	-5320	-3272	1637	-168	-205	299	13	810	4050	810	66542227
-18818	311	-5128	-3184	1852	-169	-206	301	9	811	4055	811	66542231
-19483	33	-4746	-3216	1961	-174	-206	302	8	812	4060	812	66542231
-20233	-224	-4125	-3264	1961	-188	-204	303	12	813	4065	813	66542231
-21058	-424	-3382	-3283	1766	-171	-203	303	15	814	4070	814	66542231
-21805	-431	-2588	-3254	1379	-44	-202	304	14	815	4075	815	66542231
-22376	-236	-1756	-3169	854	186	-201	305	13	816	4080	816	66542236
-22818	8	-952	-3014	287	508	-202	301	12	817	4085	817	66542257
-23037	332	-361	-2686	-211	956	-202	298	12	818	4090	818	66542268
-23111	797	-85	-2016	-517	1614	-203	302	13	819	4095	819	66542268
-22887	1172	-168	-1135	-444	2234	-203	303	13	820	4100	820	66542269
-22452	1515	-402	-133	-85	2789	-206	301	18	821	4105	821	66542269
-21915	1746	-644	872	485	3216	-207	301	19	822	4110	822	66542269
-21361	1818	-710	1760	1124	3471	-206	300	10	823	4115	823	66542269
-20621	1813	-680	2426	1689	3596	-206	300	8	824	4120	824	66542291
-19936	1829	-565	2876	2127	3589	-208	302	17	825	4125	825	66542304
-19215	1760	-365	3180	2446	3435	-209	303	19	826	4130	826	66542306
-18676	1588	-172	3502	2679	3169	-212	298	11	827	4135	827	66542306
-17962	1196	22	3916	2853	2741	-213	297	9	828	4140	828	66542306
-17514	756	197	4225	2926	2460	-211	300	8	829	4145	829	66542306
-16936	162	291	4503	3073	2117	-210	300	8	830	4150	830	66542306
-16340	-439	490	4598	3283	1755	-212	302	10	831	4155	831	66542313
-15712	-1017	666	4473	3456	1437	-212	302	10	832	4160	832	66542338
-15094	-1614	768	4069	3510	1159	-210	302	8	833	4165	833	66542345
-14442	-2190	970	3432	3434	894	-210	302	8	834	4170	834	66542345
-13836	-2894	1134	2562	3230	687	-208	300	8	835	4175	835	66542346
-13062	-3686	1392	1266	2841	453	-208	300	8	836	4180	836	66542346
-12562	-4178	1782	20	2454	216	-210	304	10	837	4185	837	66542347
-12114	-4492	2106	-1173	1954	-63	-210	304	10	838	4190	838	66542347
-11688	-4778	2424	-2302	1399	-366	-208	304	4	839	4195	839	66542381
-11406	-4936	2654	-3389	819	-734	-208	304	4	840	4200	840	66542381
-11192	-4882	2838	-4468	282	-1113	-213	303	7	841	4205	841	66542381
-11262	-4848	3018	-5569	-176	-1409	-213	303	7	842	4210	842	66542381
-11340	-4694	3046	-6691	-559	-1610	-207	301	11	843	4215	843	66542381
-11536	-4380	3084	-7769	-857	-1712	-207	301	11	844	4220	844	66542381
-12144	-3754	2804	-8822	-1005	-1681	-208	300	12	845	4225	845	66542383
-12694	-3312	2646	-9436	-1056	-1570	-208	300	12	846	4230	846	66542390
-13550	-2730	2418	-9887	-1035	-1268	-210	300	10	847	4235	847	66542417
-14484	-2142	2196	-10072	-942	-858	-210	300	10	848	4240	848	66542417
-15662	-1628	1858	-9917	-794	-370	-209	299	13	849	4245	849	66542417
-16764	-1228	1692	-9410	-572	110	-209	299	13	850	4250	850	66542417
-17824	-994	1616	-8605	-319	598	-207	297	13	851	4255	851	66542417
-18930	-806	1324	-7547	-29	962	-207	297	13	852	4260	852	66542417
-20036	-647	1246	-6056	390	1228	-207	299	13	853	4265	853	66542423
-20746	-653	1145	-4737	812	1324	-208	299	12	854	4270	854	66542446
-21324	-690	1086	-3541	1302	1304	-210	300	10	855	4275	855	66542449
-21532	-682	1077	-2528	1805	1226	-210	301	11	856	4280	856	66542449
-21505	-784	1153	-1711	2234	1106	-211	303	13	857	4285	857	66542449
-21208	-811	1046	-1115	2480	946	-210	304	13	858	4290	858	66542449
-20756	-858	936	-694	2527	772	-208	306	12	859	4295	859	66542450
-20187	-841	666	-432	2381	591	-208	305	11	860	4300	860	66542450
-19620	-869	281	-327	2089	375	-208	300	8	861	4305	861	66542457
-19019	-918	-40	-310	1715	129	-209	300	9	862	4310	862	66542486
-18476	-994	-385	-409	1323	-139	-211	299	11	863	4315	863	66542486
-18038	-945	-710	-619	932	-456	-210	299	12	864	4320	864	66542486
-17729	-939	-1012	-931	558	-784	-204	298	14	865	4325	865	66542486
-17607	-871	-1342	-1282	295	-1114	-204	298	12	866	4330	866	66542486
-17468	-724	-1458	-1619	147	-1450	-203	299	3	867	4335	867	66542486
-17395	-477	-1545	-1903	91	-1752	-203	299	4	868	4340	868	66542493
-17353	-301	-1558	-2125	97	-2017	-202	300	10	869	4345	869	66542523
-17330	-70	-1549	-2276	132	-2249	-206	299	7	870	4350	870	66542523
-17267	135	-1473	-2332	174	-2393	-213	297	3	871	4355	871	66542523
-17115	350	-1491	-2325	212	-2495	-211	298	8	872	4360	872	66542523
-17006	486	-1488	-2246	240	-2564	-209	299	15	873	4365	873	66542523
-16885	533	-1530	-2083	272	-2583	-209	297	13	874	4370	874	66542539
-16615	532	-1580	-1885	327	-2556	-209	293	11	875	4375	875	66542563
-16343	528	-1606	-1693	369	-2504	-207	295	10	876	4380	876	66542563
-16077	435	-1525	-1510	362	-2426	-203	299	9	877	4385	877	66542563
-15811	231	-1373	-1379	308	-2356	-206	303	10	878	4390	878	66542564
-15545	-58	-1248	-1301	214	-2314	-208	306	10	879	4395	879	66542564
-15297	-384	-1089	-1268	72	-2302	-208	304	10	880	4400	880	66542564
-15140	-725	-968	-1271	-76	-2327	-207	301	9	881	4405	881	66542564
-14958	-1080	-876	-1289	-230	-2388	-207	300	9	882	4410	882	66542575
-14819	-1386	-767	-1354	-385	-2479	-206	298	10	883	4415	883	66542595
-14759	-1687	-733	-1477	-506	-2597	-206	301	10	884	4420	884	66542601
-14729	-1918	-677	-1605	-559	-2707	-205	305	9	885	4425	885	66542601
-14655	-2076	-679	-1701	-578	-2786	-204	304	11	886	4430	886	66542601
-14486	-2287	-663	-1717	-675	-2827	-202	302	12	887	4435	887	66542601
-14450	-2438	-694	-1667	-866	-2821	-203	298	12	888	4440	888	66542601
-14452	-2617	-811	-1606	-1084	-2756	-204	296	12	889	4445	889	66542601
-14442	-2812	-884	-1529	-1265	-2634	-202	299	9	890	4450	890	66542623
-14483	-2949	-990	-1457	-1369	-2474	-201	301	7	891	4455	891	66542638
-14448	-3067	-1036	-1441	-1407	-2280	-203	300	7	892	4460	892	66542638
-14339	-3211	-995	-1451	-1417	-2063	-205	299	7	893	4465	893	66542639
-14228	-3390	-1045	-1511	-1426	-1786	-204	300	9	894	4470	894	66542639
-14144	-3482	-1020	-1648	-1416	-1523	-204	300	10	895	4475	895	66542639
-14051	-3380	-1095	-1824	-1416	-1309	-201	300	11	896	4480	896	66542639
-13963	-3316	-1216	-2026	-1450	-1091	-200	300	12	897	4485	897	66542643
-13923	-3342	-1341	-2235	-1482	-871	-202	301	11	898	4490	898	66542668
-13916	-3288	-1425	-2466	-1481	-669	-204	302	10	899	4495	899	66542682
-14010	-3225	-1492	-2667	-1448	-503	-203	302	14	900	4500	900	66542682
-14190	-3142	-1617	-2799	-1390	-367	-202	302	16	901	4505	901	66542683
-14462	-3044	-1748	-2885	-1299	-239	-200	301	15	902	4510	902	66542683
-14792	-2933	-1887	-2943	-1091	-88	-198	300	14	903	4515	903	66542683
-15092	-2709	-1977	-2907	-767	39	-199	298	8	904	4520	904	66542683
-15332	-2526	-1818	-2786	-339	144	-199	297	7	905	4525	905	66542684
-15500	-2399	-1846	-2596	86	254	-201	299	7	906	4530	906	66542707
-15567	-2256	-1742	-2351	409	385	-201	299	7	907	4535	907	66542714
-15667	-2202	-1653	-2082	587	529	-202	301	16	908	4540	908	66542714
-15685	-2057	-1532	-1811	655	683	-202	302	18	909	4545	909	66542714
-15730	-1932	-1471	-1564	676	820	-204	300	15	910	4550	910	66542715
-15768	-1888	-1450	-1320	721	943	-204	300	14	911	4555	911	66542715
-15602	-1846	-1286	-1175	789	1001	-203	295	13	912	4560	912	66542716
-15594	-1809	-1328	-1119	821	1048	-203	295	13	913	4565	913	66542739
-15507	-1805	-1363	-1162	822	1064	-205	296	12	914	4570	914	66542750
-15396	-1787	-1330	-1327	756	1038	-206	296	12	915	4575	915	66542752
-15289	-1740	-1229	-1582	579	987	-209	298	9	916	4580	916	66542752
-15322	-1664	-1209	-1928	275	930	-210	298	8	917	4585	917	66542752
-15480	-1576	-1154	-2315	-105	862	-204	298	11	918	4590	918	66542752
-15668	-1532	-1206	-2825	-595	813	-202	298	12	919	4595	919	66542752
-15918	-1360	-1294	-3176	-926	816	-204	296	12	920	4600	920	66542782
-16292	-1162	-1522	-3416	-1114	821	-204	296	12	921	4605	921	66542801
-16632	-962	-1646	-3498	-1121	866	-201	301	11	922	4610	922	66542802
-17046	-812	-1800	-3384	-929	939	-201	301	11	923	4615	923	66542802
-17306	-692	-1980	-3131	-602	1021	-199	301	11	924	4620	924	66542802
-17526	-636	-2076	-2815	-173	1087	-199	301	11	925	4625	925	66542803
-17702	-580	-2150	-2441	341	1131	-203	301	15	926	4630	926	66542803
-17654	-568	-2208	-2088	847	1129	-203	301	15	927	4635	927	66542804
-17707	-556	-2265	-1679	1338	1121	-204	298	14	928	4640	928	66542814
-17707	-622	-2276	-1380	1623	1094	-205	298	13	929	4645	929	66542837
-17694	-660	-2348	-1145	1786	1058	-208	298	10	930	4650	930	66542837
-17680	-666	-2506	-886	1887	1027	-208	298	10	931	4655	931	66542837
-17568	-858	-2624	-656	1943	985	-203	301	17	932	4660	932	66542837
-17428	-960	-2836	-461	1959	932	-203	301	17	933	4665	933	66542837
-17332	-1040	-3114	-307	1960	904	-203	299	9	934	4670	934	66542837
-17262	-1160	-3290	-212	1947	869	-203	299	9	935	4675	935	66542837
-17135	-1280	-3582	-182	1953	816	-201	301	5	936	4680	936	66542838
-17060	-1369	-3682	-222	1967	770	-202	301	6	937	4685	937	66542855
-16854	-1385	-3694	-285	2010	773	-206	300	8	938	4690	938	66542921
-16748	-1411	-3685	-299	2058	818	-207	300	7	939	4695	939	66542921
-16730	-1431	-3661	-249	2010	787	-209	299	5	940	4700	940	66542921
-16821	-1400	-3624	-162	1880	669	-208	300	6	941	4705	941	66542921
-16839	-1409	-3636	-65	1759	527	-205	303	11	942	4710	942	66542921
-16839	-1342	-3592	49	1722	396	-204	303	10	943	4715	943	66542921
-16823	-1314	-3590	248	1788	267	-201	303	7	944	4720	944	66542923
-16708	-1396	-3665	502	1962	162	-202	303	7	945	4725	945	66542940
-16628	-1438	-3718	744	2143	116	-204	302	8	946	4730	946	66542962
-16482	-1573	-3805	1040	2351	83	-205	302	9	947	4735	947	66542962
-16349	-1644	-3836	1317	2525	73	-210	304	12	948	4740	948	66542962
-16319	-1740	-3899	1536	2653	69	-209	304	11	949	4745	949	66542962
-16247	-1840	-3991	1667	2711	88	-207	303	5	950	4750	950	66542962
-16268	-1822	-3979	1723	2687	115	-207	303	5	951	4755	951	66542962
-16474	-1744	-4052	1755	2552	159	-207	301	7	952	4760	952	66542963
-16905	-1620	-4008	1791	2341	222	-209	300	7	953	4765	953	66542963
-17434	-1567	-3910	1857	2095	253	-212	298	6	954	4770	954	66542963
-18094	-1527	-3794	1968	1814	259	-208	298	5	955	4775	955	66542963
-18872	-1534	-3540	2099	1565	226	-203	299	3	956	4780	956	66542963
-19572	-1766	-3149	2234	1334	173	-205	301	5	957	4785	957	66542963
-20146	-2080	-2652	2322	1109	106	-209	303	7	958	4790	958	66542966
-20629	-2400	-2237	2251	944	-9	-209	301	6	959	4795	959	66542970
-20965	-2801	-1879	1962	881	-196	-209	299	5	960	4800	960	66542970
-21221	-3210	-1513	1363	975	-509	-213	301	3	961	4805	961	66542976
-21419	-3414	-1175	566	1190	-874	-216	302	0	962	4810	962	66542991
-21491	-3448	-1006	-255	1449	-1210	-213	302	0	963	4815	963	66543001
-21441	-3254	-927	-1076	1786	-1538	-209	301	1	964	4820	964	66543001
-21267	-2894	-888	-1629	2178	-1765	-210	301	3	965	4825	965	66543001
-20965	-2556	-937	-1856	2604	-1853	-211	301	5	966	4830	966	66543001
-20544	-2283	-1032	-1795	3026	-1798	-211	301	5	967	4835	967	66543001
-20094	-2128	-1134	-1574	3386	-1637	-212	300	4	968	4840	968	66543002
-19546	-2079	-1149	-1341	3674	-1402	-207	300	2	969	4845	969	66543020
-18942	-2024	-1029	-1250	3851	-1159	-202	300	0	970	4850	970	66543039
-18325	-1832	-710	-1265	3819	-980	-203	302	1	971	4855	971	66543039
-17712	-1698	-518	-1295	3535	-819	-204	304	2	972	4860	972	66543039
-17164	-1692	-535	-1342	3080	-677	-207	302	-3	973	4865	973	66543039
-16732	-1662	-546	-1434	2544	-578	-209	301	-7	974	4870	974	66543039
-16319	-1672	-585	-1599	2012	-519	-208	302	-2	975	4875	975	66543039
-15906	-1690	-659	-1834	1610	-523	-207	303	1	976	4880	976	66543039
-15501	-1683	-782	-2093	1397	-571	-206	302	2	977	4885	977	66543039
-15069	-1531	-881	-2300	1353	-627	-205	301	3	978	4890	978	66543059
-14728	-1428	-855	-2367	1419	-626	-205	301	-2	979	4895	979	66543073
-14421	-1407	-938	-2351	1490	-561	-205	301	-5	980	4900	980	66543076
-14010	-1417	-957	-2254	1542	-397	-208	299	-3	981	4905	981	66543076
-13628	-1382	-888	-2111	1560	-161	-210	298	-2	982	4910	982	66543076
-13262	-1418	-768	-1940	1494	111	-206	303	-2	983	4915	983	66543077
-12987	-1467	-588	-1760	1311	394	-204	306	-2	984	4920	984	66543077
-12855	-1448	-433	-1584	1006	646	-206	302	-3	985	4925	985	66543088
-12853	-1459	-151	-1349	557	880	-207	299	-3	986	4930	986	66543109
-12971	-1462	105	-1108	157	1026	-202	302	-3	987	4935	987	66543113
-13220	-1406	201	-847	-100	1064	-201	303	-3	988	4940	988	66543113
-13506	-1307	422	-533	-246	1032	-206	300	-3	989	4945	989	66543113
-13868	-1121	586	-247	-255	924	-207	299	-3	990	4950	990	66543114
-14178	-989	784	-26	-175	782	-207	296	-1	991	4955	991	66543114
-14380	-758	820	106	-69	639	-207	295	-1	992	4960	992	66543114
-14584	-496	882	143	33	535	-208	297	3	993	4965	993	66543156
-14842	-88	916	76	120	431	-208	298	4	994	4970	994	66543176
-14946	304	996	-37	215	345	-199	301	-1	995	4975	995	66543176
-15104	569	948	-170	228	283	-199	301	-1	996	4980	996	66543176
-15221	896	970	-337	145	268	-206	299	-2	997	4985	997	66543176
-15380	1239	933	-515	-55	262	-208	298	-2	998	4990	998	66543176
-15600	1486	1004	-661	-324	243	-208	300	1	999	4995	999	66543176
-15934	1676	947	-753	-617	216	-208	300	2	1000	5000	1000	66543183
-16400	1781	1043	-787	-858	173	-209	299	1	1001	5005	1001	66543208
-16829	1787	931	-767	-978	134	-209	299	1	1002	5010	1002	66543214
-17400	1736	910	-717	-947	28	-209	297	1	1003	5015	1003	66543214
-17784	1574	778	-671	-790	-89	-209	297	1	1004	5020	1004	66543214
-18224	1346	642	-628	-585	-233	-209	299	-1	1005	5025	1005	66543214
-18446	1178	462	-584	-345	-434	-209	299	-1	1006	5030	1006	66543214
-18740	840	472	-606	-117	-656	-206	294	4	1007	5035	1007	66543214
-18894	544	274	-656	8	-844	-206	294	4	1008	5040	1008	66543214
-18942	288	226	-721	52	-991	-211	301	-1	1009	5045	1009	66543214
-18948	-14	-30	-797	5	-1079	-211	301	-1	1010	5050	1010	66543214
-18685	-307	-155	-929	-70	-1062	-205	301	1	1011	5055	1011	66543214
-18490	-600	-412	-1041	-126	-979	-205	301	1	1012	5060	1012	66543214
-18180	-918	-664	-1165	-189	-808	-205	301	-5	1013	5065	1013	66543251
-17834	-1216	-808	-1351	-257	-580	-205	301	-5	1014	5070	1014	66543251
-17582	-1464	-888	-1576	-369	-293	-208	302	-4	1015	5075	1015	66543251
-17252	-1728	-986	-1751	-545	34	-208	302	-4	1016	5080	1016	66543251
-17100	-1804	-1050	-1916	-784	389	-204	302	-6	1017	5085	1017	66543251
-17078	-1750	-960	-2097	-1083	752	-204	302	-6	1018	5090	1018	66543251
-17074	-1802	-860	-2201	-1402	1109	-207	305	-1	1019	5095	1019	66543251
-17110	-2058	-896	-2263	-1799	1471	-207	304	-1	1020	5100	1020	66543266
-17197	-2050	-804	-2329	-2098	1694	-205	301	-3	1021	5105	1021	66543288
-17321	-2035	-676	-2416	-2343	1831	-206	300	-3	1022	5110	1022	66543288
-17361	-1985	-538	-2464	-2527	1936	-209	295	-3	1023	5115	1023	66543288
-17389	-1896	-411	-2517	-2670	2006	-209	296	-2	1024	5120	1024	66543288
-17412	-1857	-430	-2565	-2755	2044	-208	298	2	1025	5125	1025	66543288
-17318	-1632	-374	-2575	-2731	2075	-208	298	2	1026	5130	1026	66543288
-17129	-1481	-387	-2534	-2647	2126	-210	298	2	1027	5135	1027	66543294
-16953	-1305	-375	-2454	-2631	2166	-210	299	3	1028	5140	1028	66543315
-16838	-1150	-451	-2312	-2601	2209	-209	301	5	1029	5145	1029	66543326
-16652	-1116	-523	-2145	-2511	2264	-209	301	5	1030	5150	1030	66543326
-16447	-1003	-514	-1994	-2353	2283	-207	301	5	1031	5155	1031	66543326
-16242	-948	-437	-1831	-2160	2303	-207	300	4	1032	5160	1032	66543326
-16068	-906	-453	-1707	-2007	2320	-208	296	2	1033	5165	1033	66543326
-15898	-917	-442	-1642	-1900	2320	-208	297	3	1034	5170	1034	66543326
-15785	-886	-458	-1694	-1783	2297	-208	302	8	1035	5175	1035	66543332
-15630	-842	-393	-1881	-1643	2270	-209	300	8	1036	5180	1036	66543358
-15474	-712	-341	-2202	-1475	2183	-213	295	7	1037	5185	1037	66543367
-15369	-583	-284	-2475	-1382	2090	-213	293	5	1038	5190	1038	66543367
-15330	-344	-237	-2716	-1356	1987	-213	291	1	1039	5195	1039	66543368
-15303	-110	-216	-2913	-1380	1895	-212	292	3	1040	5200	1040	66543369
-15324	112	-172	-3042	-1447	1814	-211	293	5	1041	5205	1041	66543369
-15402	306	-148	-3076	-1532	1709	-212	294	5	1042	5210	1042	66543371
-15459	477	-205	-3010	-1634	1604	-214	296	6	1043	5215	1043	66543387
-15577	570	-340	-2858	-1743	1521	-213	295	8	1044	5220	1044	66543405
-15729	563	-515	-2696	-1809	1452	-211	293	9	1045	5225	1045	66543405
-15845	502	-695	-2583	-1822	1379	-211	295	8	1046	5230	1046	66543405
-15967	396	-907	-2518	-1784	1271	-212	298	6	1047	5235	1047	66543405
-16158	325	-1020	-2507	-1695	1138	-212	295	7	1048	5240	1048	66543406
-16400	254	-990	-2536	-1557	1006	-213	291	9	1049	5245	1049	66543406
-16648	137	-994	-2623	-1384	890	-213	294	7	1050	5250	1050	66543420
-16916	25	-1009	-2744	-1185	773	-212	298	4	1051	5255	1051	66543441
-17225	-79	-1052	-2879	-934	639	-214	298	4	1052	5260	1052	66543441
-17527	-170	-1096	-2980	-664	522	-215	297	3	1053	5265	1053	66543441
-17756	-202	-1126	-3034	-435	416	-215	292	3	1054	5270	1054	66543441
-17975	-284	-1115	-3061	-201	332	-215	289	3	1055	5275	1055	66543441
-18146	-382	-1134	-3074	49	284	-214	290	6	1056	5280	1056	66543441
-18239	-494	-1141	-3096	316	245	-214	290	8	1057	5285	1057	66543441
-18228	-593	-1179	-3160	601	186	-213	292	8	1058	5290	1058	66543446
-18147	-620	-1233	-3268	899	127	-212	294	8	1059	5295	1059	66543469
-17964	-646	-1246	-3393	1174	65	-211	295	7	1060	5300	1060	66543482
-17688	-647	-1331	-3543	1425	-23	-211	295	7	1061	5305	1061	66543482
-17437	-556	-1380	-3643	1549	-86	-211	294	4	1062	5310	1062	66543482
-17215	-480	-1336	-3715	1616	-135	-211	293	3	1063	5315	1063	66543482
-16957	-489	-1392	-3762	1638	-175	-212	294	7	1064	5320	1064	66543482
-16720	-492	-1416	-3775	1637	-195	-212	294	10	1065	5325	1065	66543487
-16483	-436	-1509	-3747	1616	-209	-213	296	7	1066	5330	1066	66543503
-16313	-399	-1631	-3718	1583	-233	-213	297	5	1067	5335	1067	66543512
-16255	-377	-1642	-3685	1544	-263	-213	299	5	1068	5340	1068	66543513
-16236	-255	-1638	-3641	1511	-291	-213	301	5	1069	5345	1069	66543513
-16232	-122	-1662	-3580	1530	-324	-212	295	7	1070	5350	1070	66543513
-16251	12	-1673	-3469	1593	-363	-212	294	8	1071	5355	1071	66543514
-16318	96	-1776	-3324	1701	-413	-219	298	10	1072	5360	1072	66543514
-16331	185	-2005	-3159	1842	-479	-221	299	11	1073	5365	1073	66543520
-16314	156	-2034	-2973	1990	-546	-213	299	6	1074	5370	1074	66543544
-16260	165	-2066	-2806	2113	-602	-211	299	5	1075	5375	1075	66543550
-16230	154	-2188	-2636	2190	-658	-213	297	7	1076	5380	1076	66543550
-16244	136	-2256	-2481	2202	-691	-213	297	7	1077	5385	1077	66543550
-16120	28	-2266	-2336	2145	-720	-212	292	8	1078	5390	1078	66543550
-16120	23	-2306	-2268	2078	-726	-212	292	8	1079	5395	1079	66543551
-16123	-64	-2309	-2196	1976	-733	-214	297	5	1080	5400	1080	66543558
-16127	-121	-2070	-2153	1852	-737	-214	298	4	1081	5405	1081	66543585
-16147	-108	-1914	-2143	1717	-739	-212	293	6	1082	5410	1082	66543592
-16214	-97	-1853	-2152	1606	-738	-212	292	6	1083	5415	1083	66543593
-16291	-98	-1753	-2184	1523	-746	-210	290	4	1084	5420	1084	66543594
-16442	-138	-1692	-2249	1475	-767	-209	289	3	1085	5425	1085	66543594
-16542	-158	-1498	-2358	1442	-793	-211	291	3	1086	5430	1086	66543595
-16610	-186	-1350	-2477	1444	-802	-211	291	3	1087	5435	1087	66543595
-16654	-182	-1308	-2556	1489	-790	-208	294	2	1088	5440	1088	66543642
-16658	-132	-1252	-2579	1556	-736	-208	294	2	1089	5445	1089	66543642
-16744	-178	-1196	-2551	1635	-659	-210	294	2	1090	5450	1090	66543642
-16700	-310	-1278	-2498	1686	-554	-210	294	2	1091	5455	1091	66543642
-16694	-356	-1232	-2468	1688	-444	-212	298	4	1092	5460	1092	66543642
-16728	-518	-1208	-2457	1671	-365	-212	298	4	1093	5465	1093	66543642
-16820	-622	-1104	-2433	1616	-306	-212	300	6	1094	5470	1094	66543642
-16896	-620	-1125	-2371	1541	-199	-212	300	6	1095	5475	1095	66543644
-17034	-662	-1122	-2298	1470	-134	-209	301	5	1096	5480	1096	66543652
-17264	-668	-1016	-2197	1390	-72	-209	301	5	1097	5485	1097	66543678
-17496	-682	-980	-2071	1338	6	-211	297	5	1098	5490	1098	66543678
-17730	-716	-902	-1987	1274	103	-211	297	5	1099	5495	1099	66543678
-17992	-710	-848	-1935	1238	199	-208	298	-2	1100	5500	1100	66543678
-18060	-666	-848	-1927	1245	281	-208	298	-2	1101	5505	1101	66543678
-18082	-496	-660	-1932	1300	345	-207	301	3	1102	5510	1102	66543678
-18082	-525	-613	-1923	1435	381	-207	300	4	1103	5515	1103	66543687
-18084	-342	-577	-1876	1584	408	-209	295	7	1104	5520	1104	66543721
-17854	-268	-605	-1811	1758	406	-209	295	5	1105	5525	1105	66543721
-17635	-159	-627	-1693	1945	391	-209	295	-1	1106	5530	1106	66543722
-17286	-144	-757	-1556	2172	407	-210	295	-1	1107	5535	1107	66543722
-16808	-64	-851	-1370	2423	425	-212	296	0	1108	5540	1108	66543722
-16212	-158	-901	-1130	2683	524	-212	296	0	1109	5545	1109	66543723
-15782	-175	-980	-891	2826	612	-212	298	-2	1110	5550	1110	66543723
-15294	-142	-1054	-690	2814	696	-212	299	-1	1111	5555	1111	66543723
-14929	-125	-1067	-519	2628	732	-212	300	4	1112	5560	1112	66543726
-14688	-138	-1111	-421	2408	747	-211	299	3	1113	5565	1113	66543735
-14529	-170	-1219	-345	2139	710	-209	295	1	1114	5570	1114	66543757
-14488	-203	-1372	-281	1903	643	-209	296	0	1115	5575	1115	66543757
-14512	-192	-1504	-240	1729	540	-210	300	-4	1116	5580	1116	66543757
-14705	-170	-1576	-248	1622	378	-211	299	-4	1117	5585	1117	66543757
-14876	-194	-1654	-282	1533	173	-214	296	-2	1118	5590	1118	66543757
-15115	-122	-1703	-322	1480	-52	-214	295	-2	1119	5595	1119	66543757
-15340	-82	-1735	-389	1463	-268	-213	291	-1	1120	5600	1120	66543763
-15532	-84	-1868	-474	1477	-387	-214	293	-2	1121	5605	1121	66543781
-15689	-40	-1892	-570	1499	-480	-215	297	-3	1122	5610	1122	66543797
-15850	-13	-1844	-660	1520	-540	-214	297	-2	1123	5615	1123	66543797
-16075	-51	-1914	-721	1561	-523	-212	296	0	1124	5620	1124	66543797
-16285	-49	-1920	-751	1582	-488	-212	297	-2	1125	5625	1125	66543797
-16372	-64	-1943	-759	1601	-459	-212	298	-6	1126	5630	1126	66543797
-16422	-178	-1937	-776	1619	-394	-214	297	-3	1127	5635	1127	66543797
-16432	-207	-2024	-817	1618	-346	-216	296	0	1128	5640	1128	66543820
-16476	-231	-2053	-860	1600	-326	-215	294	-1	1129	5645	1129	66543835
-16517	-276	-2090	-905	1573	-303	-214	292	-2	1130	5650	1130	66543835
-16482	-344	-2164	-943	1531	-278	-213	294	-2	1131	5655	1131	66543835
-16408	-433	-2162	-952	1464	-282	-212	298	-2	1132	5660	1132	66543835
-16407	-485	-2168	-964	1362	-321	-212	297	-2	1133	5665	1133	66543835
-16400	-558	-2195	-983	1228	-388	-213	295	-3	1134	5670	1134	66543835
-16352	-609	-2231	-1002	1079	-445	-213	295	-3	1135	5675	1135	66543835
-16373	-714	-2318	-1007	896	-498	-212	294	-4	1136	5680	1136	66543840
-16370	-762	-2370	-1008	677	-525	-214	296	-3	1137	5685	1137	66543861
-16383	-781	-2364	-1020	437	-508	-215	297	-3	1138	5690	1138	66543872
-16489	-805	-2345	-1030	157	-481	-217	296	-4	1139	5695	1139	66543872
-16560	-817	-2299	-1022	-122	-456	-218	296	-4	1140	5700	1140	66543873
-16688	-891	-2214	-965	-364	-419	-217	298	-3	1141	5705	1141	66543873
-16792	-951	-2113	-897	-565	-376	-216	300	-2	1142	5710	1142	66543879
-16829	-969	-2018	-823	-696	-298	-214	302	-3	1143	5715	1143	66543883
-16860	-995	-1883	-701	-765	-203	-213	303	-3	1144	5720	1144	66543895
-16802	-1004	-1682	-581	-780	-132	-214	297	-1	1145	5725	1145	66543907
-16758	-1020	-1568	-463	-779	-104	-214	296	0	1146	5730	1146	66543909
-16694	-1050	-1459	-330	-779	-92	-216	292	-2	1147	5735	1147	66543909
-16607	-1090	-1382	-206	-761	-99	-217	289	-3	1148	5740	1148	66543909
-16544	-1107	-1202	-123	-720	-120	-216	293	-4	1149	5745	1149	66543909
-16431	-1092	-1132	-78	-692	-123	-216	296	-4	1150	5750	1150	66543909
-16337	-1054	-1120	-37	-712	-93	-216	297	-6	1151	5755	1151	66543916
-16310	-1017	-1089	-8	-749	-65	-216	298	-8	1152	5760	1152	66543945
-16378	-913	-1128	13	-807	-84	-214	297	-3	1153	5765	1153	66543963
-16324	-869	-1048	49	-916	-78	-213	297	-1	1154	5770	1154	66543963
-16374	-909	-1254	12	-1117	-52	-215	295	-5	1155	5775	1155	66543963
-16573	-848	-1336	-45	-1252	-33	-216	294	-6	1156	5780	1156	66543963
-16728	-779	-1278	-23	-1189	-31	-214	296	-2	1157	5785	1157	66543963
-16729	-715	-1166	-57	-1107	-32	-213	297	-1	1158	5790	1158	66543963
-16765	-744	-1131	-126	-1062	-60	-214	298	-3	1159	5795	1159	66543989
-16747	-764	-1298	-196	-1013	-49	-214	298	-4	1160	5800	1160	66543996
-16838	-776	-1256	-317	-965	-36	-211	297	-3	1161	5805	1161	66543996
-16928	-762	-1156	-405	-930	-72	-211	297	-3	1162	5810	1162	66543996
-16988	-827	-1226	-438	-857	-98	-212	300	-4	1163	5815	1163	66543996
-17070	-872	-1226	-471	-732	-170	-212	300	-4	1164	5820	1164	66543996
-17091	-1014	-1168	-508	-553	-252	-215	294	-4	1165	5825	1165	66543996
-17076	-1093	-1064	-558	-349	-307	-216	292	-4	1166	5830	1166	66544005
-16990	-1178	-1012	-601	-125	-357	-214	295	-2	1167	5835	1167	66544034
-16996	-1414	-1185	-653	58	-412	-214	296	-2	1168	5840	1168	66544041
-16982	-1682	-1368	-943	259	-427	-214	300	0	1169	5845	1169	66544041
-16886	-1600	-1198	-1262	479	-443	-214	300	0	1170	5850	1170	66544041
-16786	-1656	-1182	-1404	719	-453	-216	294	-8	1171	5855	1171	66544041
-16566	-1778	-1212	-1500	865	-442	-216	294	-8	1172	5860	1172	66544041
-16426	-1816	-1336	-1635	886	-431	-213	297	1	1173	5865	1173	66544041
-16298	-1772	-1592	-1791	808	-414	-213	297	1	1174	5870	1174	66544041
-16346	-1672	-1702	-1883	744	-374	-216	290	-6	1175	5875	1175	66544041
-16314	-1632	-1930	-1956	709	-332	-216	290	-6	1176	5880	1176	66544049
-16290	-1542	-1996	-1998	687	-318	-213	293	-3	1177	5885	1177	66544078
-16222	-1478	-2114	-2081	650	-305	-214	294	-2	1178	5890	1178	66544079
-16202	-1376	-2142	-2166	627	-305	-220	300	2	1179	5895	1179	66544079
-16192	-1288	-2256	-2300	576	-313	-220	300	2	1180	5900	1180	66544079
-16238	-1242	-2416	-2419	528	-320	-213	303	-1	1181	5905	1181	66544079
-16268	-1176	-2554	-2558	475	-350	-213	303	-1	1182	5910	1182	66544080
-16330	-1080	-2618	-2668	436	-355	-213	295	-1	1183	5915	1183	66544080
-16212	-1018	-2552	-2773	395	-358	-213	295	-1	1184	5920	1184	66544080
-16288	-966	-2568	-2853	338	-362	-214	298	-4	1185	5925	1185	66544104
-16291	-981	-2413	-2873	236	-396	-214	297	-4	1186	5930	1186	66544117
-16253	-874	-2374	-2884	146	-415	-212	294	-2	1187	5935	1187	66544117
-16338	-848	-2392	-2865	73	-436	-212	294	-3	1188	5940	1188	66544117
-16366	-818	-2335	-2856	29	-450	-214	292	-6	1189	5945	1189	66544117
-16445	-764	-2206	-2835	33	-462	-214	292	-3	1190	5950	1190	66544117
-16413	-727	-2169	-2814	87	-487	-215	293	7	1191	5955	1191	66544117
-16401	-711	-2124	-2794	137	-499	-214	294	5	1192	5960	1192	66544132
-16443	-680	-2146	-2759	177	-499	-208	300	-4	1193	5965	1193	66544200
-16470	-600	-2116	-2721	201	-508	-210	299	-3	1194	5970	1194	66544225
-16480	-570	-2146	-2686	217	-513	-215	295	-1	1195	5975	1195	66544225
-16458	-564	-2178	-2644	213	-508	-215	296	-1	1196	5980	1196	66544226
-16434	-567	-2146	-2599	189	-508	-217	299	-1	1197	5985	1197	66544227
-16434	-543	-2096	-2559	151	-524	-216	298	-1	1198	5990	1198	66544229
-16483	-554	-2112	-2507	100	-537	-214	296	-2	1199	5995	1199	66544230
-16534	-552	-2055	-2472	61	-552	-214	296	-1	1200	6000	1200	66544235
-16508	-581	-2106	-2430	27	-559	-216	296	4	1201	6005	1201	66544256
-16557	-589	-2081	-2410	10	-562	-215	295	3	1202	6010	1202	66544265
-16550	-630	-2122	-2387	6	-577	-212	292	-2	1203	6015	1203	66544265
-16528	-636	-2072	-2362	-4	-574	-212	293	-2	1204	6020	1204	66544265
-16525	-716	-2018	-2339	-22	-570	-213	295	-3	1205	6025	1205	66544265
-16502	-758	-2006	-2326	-49	-569	-211	296	-2	1206	6030	1206	66544265
-16476	-774	-1973	-2343	-101	-571	-209	297	-1	1207	6035	1207	66544265
-16476	-826	-1911	-2376	-175	-565	-209	295	-3	1208	6040	1208	66544265
-16480	-828	-1888	-2411	-243	-577	-209	293	-7	1209	6045	1209	66544266
-16491	-872	-1891	-2435	-291	-585	-210	295	-3	1210	6050	1210	66544266
-16481	-914	-1803	-2449	-320	-558	-212	298	4	1211	6055	1211	66544266
-16484	-934	-1805	-2466	-329	-536	-212	296	2	1212	6060	1212	66544266
-16509	-942	-1803	-2474	-324	-502	-211	293	-1	1213	6065	1213	66544270
-16522	-941	-1772	-2479	-315	-462	-212	294	-1	1214	6070	1214	66544275
-16564	-998	-1740	-2483	-320	-431	-213	295	-1	1215	6075	1215	66544275
-16608	-1046	-1799	-2491	-317	-402	-212	295	-1	1216	6080	1216	66544275
-16560	-1050	-1749	-2509	-290	-387	-210	296	0	1217	6085	1217	66544275
-16566	-1006	-1748	-2521	-269	-382	-211	296	-1	1218	6090	1218	66544288
-16614	-1003	-1744	-2520	-248	-362	-213	295	-3	1219	6095	1219	66544305
-16630	-1076	-1755	-2513	-226	-348	-212	293	-2	1220	6100	1220	66544305
-16624	-1047	-1772	-2494	-185	-351	-212	292	-2	1221	6105	1221	66544305
-16640	-984	-1694	-2459	-132	-351	-213	296	-3	1222	6110	1222	66544305
-16669	-975	-1683	-2412	-74	-337	-213	299	-3	1223	6115	1223	66544305
-16694	-1034	-1717	-2357	-26	-314	-213	295	-4	1224	6120	1224	66544305
-16703	-1019	-1697	-2309	7	-288	-213	293	-5	1225	6125	1225	66544305
-16746	-948	-1664	-2269	61	-243	-212	295	-3	1226	6130	1226	66544305
-16792	-922	-1650	-2239	119	-185	-211	297	-1	1227	6135	1227	66544305
-16720	-900	-1659	-2222	173	-146	-211	294	2	1228	6140	1228	66544306
-16697	-889	-1725	-2210	208	-118	-211	293	3	1229	6145	1229	66544306
-16628	-911	-1704	-2203	248	-100	-213	292	2	1230	6150	1230	66544316
-16550	-897	-1662	-2203	294	-91	-215	291	1	1231	6155	1231	66544334
-16584	-840	-1670	-2184	325	-79	-215	293	1	1232	6160	1232	66544342
-16592	-846	-1670	-2132	349	-77	-215	295	1	1233	6165	1233	66544342
-16509	-832	-1716	-2098	369	-70	-216	297	3	1234	6170	1234	66544342
-16482	-824	-1772	-2087	387	-61	-216	298	4	1235	6175	1235	66544342
-16560	-809	-1699	-2066	418	-50	-207	294	-1	1236	6180	1236	66544342
-16521	-811	-1764	-2046	478	-36	-204	292	-2	1237	6185	1237	66544343
-16437	-878	-1740	-2017	541	-27	-209	295	1	1238	6190	1238	66544365
-16454	-859	-1834	-1992	573	-20	-210	296	2	1239	6195	1239	66544380
-16464	-864	-1943	-1976	596	-7	-212	294	2	1240	6200	1240	66544382
-16430	-910	-1905	-1963	603	2	-212	294	2	1241	6205	1241	66544382
-16446	-902	-1933	-1951	594	11	-212	294	-1	1242	6210	1242	66544382
-16462	-884	-1894	-1935	570	31	-212	294	-2	1243	6215	1243	66544382
-16510	-894	-1968	-1909	543	47	-213	299	3	1244	6220	1244	66544382
-16578	-890	-2090	-1866	516	53	-213	299	3	1245	6225	1245	66544382
-16634	-914	-2018	-1809	509	82	-208	298	0	1246	6230	1246	66544421
-16589	-936	-1925	-1760	525	113	-208	298	0	1247	6235	1247	66544422
-16678	-983	-1919	-1687	557	133	-214	300	-3	1248	6240	1248	66544422
-16667	-1056	-1941	-1631	590	162	-216	300	-4	1249	6245	1249	66544422
-16684	-1128	-1898	-1599	639	174	-214	294	-3	1250	6250	1250	66544423
-16655	-1182	-1961	-1580	685	181	-213	293	-3	1251	6255	1251	66544423
-16651	-1186	-1983	-1595	724	201	-213	293	-5	1252	6260	1252	66544423
-16574	-1226	-2108	-1645	737	226	-213	293	-5	1253	6265	1253	66544431
-16506	-1246	-2092	-1724	735	237	-212	294	-2	1254	6270	1254	66544459
-16426	-1188	-2138	-1793	711	245	-212	294	-2	1255	6275	1255	66544459
-16360	-1156	-2172	-1819	690	239	-215	295	-1	1256	6280	1256	66544459
-16350	-1126	-2084	-1800	647	231	-215	295	-1	1257	6285	1257	66544460
-16328	-1044	-2054	-1746	592	205	-210	296	-4	1258	6290	1258	66544460
-16312	-1012	-2036	-1708	558	188	-210	296	-4	1259	6295	1259	66544460
-16262	-1022	-1986	-1653	527	155	-212	302	-2	1260	6300	1260	66544460
-16321	-989	-1957	-1610	524	107	-212	300	-2	1261	6305	1261	66544474
-16380	-894	-2001	-1598	542	66	-212	294	-4	1262	6310	1262	66544497
-16357	-864	-2002	-1593	540	21	-213	295	-3	1263	6315	1263	66544498
-16454	-802	-2024	-1595	522	7	-216	298	0	1264	6320	1264	66544498
-16486	-760	-2036	-1631	506	-22	-216	298	0	1265	6325	1265	66544498
-16480	-806	-2056	-1649	482	-29	-211	299	-3	1266	6330	1266	66544499
-16548	-810	-2012	-1662	436	-27	-211	299	-3	1267	6335	1267	66544499
-16588	-814	-1964	-1659	415	-29	-213	297	-1	1268	6340	1268	66544499
-16604	-880	-2074	-1660	405	-15	-213	297	-1	1269	6345	1269	66544500
-16547	-911	-1962	-1665	423	-18	-216	298	0	1270	6350	1270	66544528
-16531	-898	-1936	-1678	457	-28	-216	297	0	1271	6355	1271	66544534
-16468	-968	-1959	-1697	487	-35	-214	294	2	1272	6360	1272	66544535
-16422	-1036	-1965	-1734	503	-42	-215	293	2	1273	6365	1273	66544535
-16408	-1054	-1888	-1766	492	-70	-217	291	1	1274	6370	1274	66544535
-16410	-1101	-1941	-1791	473	-103	-216	293	0	1275	6375	1275	66544535
-16430	-1100	-1942	-1811	439	-123	-212	302	-6	1276	6380	1276	66544537
-16457	-1118	-1946	-1830	400	-165	-213	300	-5	1277	6385	1277	66544554
-16488	-1139	-1912	-1839	381	-184	-216	292	0	1278	6390	1278	66544584
-16519	-1166	-1975	-1863	403	-192	-215	293	1	1279	6395	1279	66544584
-16529	-1183	-1981	-1884	437	-190	-213	295	3	1280	6400	1280	66544584
-16555	-1214	-1934	-1898	470	-188	-214	296	2	1281	6405	1281	66544584
-16519	-1235	-1935	-1924	494	-181	-216	298	-4	1282	6410	1282	66544584
-16457	-1232	-1904	-1952	503	-165	-215	297	-2	1283	6415	1283	66544584
-16443	-1286	-1912	-1984	477	-140	-212	294	6	1284	6420	1284	66544592
-16382	-1334	-1999	-2016	426	-130	-213	295	5	1285	6425	1285	66544622
-16341	-1292	-1993	-2045	362	-135	-218	300	0	1286	6430	1286	66544622
-16407	-1270	-1984	-2062	285	-148	-218	297	-1	1287	6435	1287	66544622
-16388	-1223	-2014	-2066	219	-149	-217	293	-3	1288	6440	1288	66544622
-16405	-1176	-2048	-2078	162	-164	-217	293	-3	1289	6445	1289	66544622
-16383	-1125	-2015	-2091	125	-185	-218	294	-2	1290	6450	1290	66544622
-16373	-1065	-1994	-2092	101	-196	-215	294	-2	1291	6455	1291	66544626
-16412	-1010	-2016	-2087	83	-210	-210	294	-2	1292	6460	1292	66544643
-16401	-962	-2037	-2083	60	-219	-212	295	-2	1293	6465	1293	66544659
-16383	-947	-2067	-2080	19	-229	-214	296	-2	1294	6470	1294	66544660
-16386	-918	-2132	-2092	-50	-256	-215	294	-2	1295	6475	1295	66544660
-16412	-910	-2136	-2104	-114	-267	-216	292	-2	1296	6480	1296	66544660
-16485	-861	-2121	-2110	-153	-277	-216	294	0	1297	6485	1297	66544660
-16564	-856	-2088	-2096	-155	-290	-216	296	2	1298	6490	1298	66544660
-16612	-908	-1977	-2071	-94	-292	-216	296	2	1299	6495	1299	66544660
-16632	-945	-1882	-2052	2	-283	-217	297	1	1300	6500	1300	66544660
-16610	-996	-1822	-2035	72	-275	-216	297	1	1301	6505	1301	66544664
-16633	-1032	-1711	-2061	137	-264	-214	296	2	1302	6510	1302	66544685
-16698	-1066	-1693	-2129	231	-249	-216	296	-2	1303	6515	1303	66544699
-16740	-1079	-1619	-2212	359	-240	-218	296	-4	1304	6520	1304	66544699
-16750	-1141	-1606	-2305	524	-231	-214	295	-2	1305	6525	1305	66544699
-16711	-1162	-1619	-2396	690	-216	-211	295	-1	1306	6530	1306	66544699
-16628	-1175	-1631	-2478	817	-209	-214	297	1	1307	6535	1307	66544699
-16550	-1148	-1689	-2529	878	-202	-216	298	2	1308	6540	1308	66544699
-16508	-1114	-1814	-2565	864	-199	-215	297	-2	1309	6545	1309	66544724
-16497	-1144	-1866	-2567	795	-201	-214	296	-4	1310	6550	1310	66544741
-16463	-1088	-1863	-2541	706	-210	-215	298	-3	1311	6555	1311	66544741
-16442	-1043	-1970	-2512	642	-211	-215	299	-3	1312	6560	1312	66544741
-16347	-1003	-2086	-2479	592	-212	-212	288	-1	1313	6565	1313	66544762
-16366	-972	-2055	-2458	557	-222	-211	285	-1	1314	6570	1314	66544767
-16343	-963	-2086	-2450	527	-222	-210	291	-3	1315	6575	1315	66544768
-16307	-927	-2143	-2449	517	-225	-210	294	-4	1316	6580	1316	66544768
-16318	-942	-2136	-2451	508	-225	-211	294	-5	1317	6585	1317	66544769
-16358	-944	-2110	-2444	501	-230	-212	294	-6	1318	6590	1318	66544775
-16337	-924	-2039	-2448	500	-242	-211	291	2	1319	6595	1319	66544779
-16366	-1013	-2045	-2457	509	-233	-210	290	4	1320	6600	1320	66544779
-16408	-998	-1994	-2453	505	-235	-209	296	-5	1321	6605	1321	66544779
-16448	-948	-2001	-2471	513	-254	-209	297	-7	1322	6610	1322	66544779
-16470	-917	-1934	-2474	514	-266	-211	298	-1	1323	6615	1323	66544780
-16575	-867	-1972	-2472	512	-256	-212	298	0	1324	6620	1324	66544780
